A,R,N,D,C,Q,E,G,H,I,L,K,M,F,P,S,T,W,Y,V
12.2448979592,4.08163265306,2.04081632653,6.12244897959,8.16326530612,4.08163265306,4.08163265306,8.16326530612,0.0,4.08163265306,10.2040816327,0.0,1.02040816327,3.0612244898,7.14285714286,7.14285714286,8.16326530612,0.0,2.04081632653,8.16326530612
12.7450980392,2.94117647059,2.94117647059,2.94117647059,7.8431372549,1.96078431373,0.980392156863,6.86274509804,0.0,6.86274509804,11.7647058824,1.96078431373,0.980392156863,2.94117647059,7.8431372549,9.80392156863,9.80392156863,0.0,0.0,8.82352941176
13.2653061224,3.0612244898,1.02040816327,4.08163265306,8.16326530612,5.10204081633,0.0,9.18367346939,0.0,4.08163265306,8.16326530612,1.02040816327,1.02040816327,3.0612244898,5.10204081633,10.2040816327,10.2040816327,0.0,2.04081632653,11.2244897959
10.0,2.0,4.0,6.0,8.0,5.0,0.0,8.0,1.0,4.0,11.0,1.0,2.0,3.0,8.0,14.0,6.0,0.0,2.0,5.0
10.0,2.0,4.0,6.0,8.0,5.0,0.0,8.0,1.0,4.0,11.0,1.0,2.0,3.0,8.0,14.0,6.0,0.0,2.0,5.0
10.0,2.0,4.0,6.0,8.0,5.0,0.0,8.0,1.0,4.0,11.0,1.0,2.0,3.0,8.0,14.0,6.0,0.0,2.0,5.0
10.0,2.0,4.0,6.0,8.0,5.0,0.0,8.0,1.0,4.0,11.0,1.0,2.0,3.0,8.0,14.0,6.0,0.0,2.0,5.0
10.0,2.0,4.0,6.0,8.0,5.0,0.0,8.0,1.0,4.0,11.0,1.0,2.0,3.0,8.0,14.0,6.0,0.0,2.0,5.0
10.0,2.0,4.0,6.0,8.0,5.0,0.0,8.0,1.0,4.0,11.0,1.0,2.0,3.0,8.0,14.0,6.0,0.0,2.0,5.0
17.4418604651,0.0,2.32558139535,4.6511627907,9.3023255814,4.6511627907,0.0,5.81395348837,1.16279069767,4.6511627907,10.4651162791,4.6511627907,1.16279069767,6.97674418605,5.81395348837,4.6511627907,8.13953488372,0.0,0.0,8.13953488372
14.7058823529,3.92156862745,2.94117647059,5.88235294118,8.82352941176,0.980392156863,0.980392156863,5.88235294118,0.0,4.90196078431,10.7843137255,2.94117647059,0.980392156863,3.92156862745,9.80392156863,6.86274509804,3.92156862745,0.0,0.980392156863,10.7843137255
16.8316831683,0.990099009901,2.9702970297,5.94059405941,7.92079207921,4.9504950495,2.9702970297,7.92079207921,0.0,5.94059405941,13.8613861386,0.990099009901,1.9801980198,0.990099009901,5.94059405941,3.9603960396,6.93069306931,0.0,1.9801980198,6.93069306931
11.4285714286,1.42857142857,2.85714285714,8.57142857143,11.4285714286,5.71428571429,5.71428571429,5.71428571429,0.0,2.85714285714,12.8571428571,1.42857142857,0.0,1.42857142857,10.0,7.14285714286,1.42857142857,0.0,1.42857142857,8.57142857143
16.4948453608,2.0618556701,6.18556701031,4.12371134021,8.24742268041,7.21649484536,1.03092783505,9.27835051546,0.0,2.0618556701,9.27835051546,3.09278350515,1.03092783505,5.15463917526,7.21649484536,3.09278350515,4.12371134021,0.0,1.03092783505,9.27835051546
15.625,3.125,1.04166666667,5.20833333333,8.33333333333,7.29166666667,1.04166666667,7.29166666667,0.0,4.16666666667,8.33333333333,2.08333333333,2.08333333333,3.125,10.4166666667,6.25,7.29166666667,0.0,0.0,7.29166666667
6.75675675676,2.7027027027,2.7027027027,8.10810810811,10.8108108108,5.40540540541,0.0,9.45945945946,1.35135135135,2.7027027027,12.1621621622,1.35135135135,0.0,1.35135135135,9.45945945946,10.8108108108,6.75675675676,0.0,1.35135135135,6.75675675676
6.75675675676,2.7027027027,2.7027027027,8.10810810811,10.8108108108,5.40540540541,0.0,9.45945945946,1.35135135135,2.7027027027,12.1621621622,1.35135135135,0.0,1.35135135135,9.45945945946,10.8108108108,6.75675675676,0.0,1.35135135135,6.75675675676
6.75675675676,2.7027027027,2.7027027027,8.10810810811,10.8108108108,6.75675675676,0.0,9.45945945946,1.35135135135,2.7027027027,12.1621621622,1.35135135135,0.0,1.35135135135,10.8108108108,8.10810810811,6.75675675676,0.0,1.35135135135,6.75675675676
15.3846153846,2.1978021978,1.0989010989,3.2967032967,9.89010989011,7.69230769231,1.0989010989,7.69230769231,0.0,4.3956043956,4.3956043956,5.49450549451,2.1978021978,6.59340659341,4.3956043956,14.2857142857,5.49450549451,0.0,1.0989010989,3.2967032967
15.306122449,3.0612244898,2.04081632653,5.10204081633,8.16326530612,6.12244897959,3.0612244898,9.18367346939,0.0,4.08163265306,9.18367346939,0.0,1.02040816327,2.04081632653,7.14285714286,4.08163265306,7.14285714286,0.0,2.04081632653,11.2244897959
12.5,3.125,3.125,4.16666666667,8.33333333333,5.20833333333,0.0,9.375,2.08333333333,2.08333333333,11.4583333333,1.04166666667,1.04166666667,3.125,7.29166666667,6.25,7.29166666667,0.0,2.08333333333,10.4166666667
16.2790697674,5.81395348837,5.81395348837,3.48837209302,8.13953488372,2.32558139535,1.16279069767,4.6511627907,0.0,4.6511627907,9.3023255814,0.0,1.16279069767,2.32558139535,9.3023255814,8.13953488372,8.13953488372,0.0,0.0,9.3023255814
18.0952380952,2.85714285714,2.85714285714,2.85714285714,7.61904761905,3.80952380952,1.90476190476,5.71428571429,0.952380952381,7.61904761905,9.52380952381,0.0,0.952380952381,3.80952380952,9.52380952381,11.4285714286,4.7619047619,0.0,0.952380952381,4.7619047619
13.1578947368,6.57894736842,7.89473684211,3.94736842105,9.21052631579,2.63157894737,2.63157894737,2.63157894737,0.0,3.94736842105,9.21052631579,0.0,0.0,2.63157894737,11.8421052632,13.1578947368,3.94736842105,0.0,0.0,6.57894736842
14.5833333333,4.16666666667,3.125,6.25,8.33333333333,4.16666666667,1.04166666667,6.25,0.0,8.33333333333,12.5,0.0,1.04166666667,2.08333333333,8.33333333333,4.16666666667,9.375,0.0,0.0,6.25
17.5,4.16666666667,3.33333333333,5.83333333333,6.66666666667,6.66666666667,2.5,7.5,0.0,5.83333333333,9.16666666667,1.66666666667,1.66666666667,1.66666666667,6.66666666667,6.66666666667,6.66666666667,0.0,0.0,5.83333333333
16.4948453608,2.0618556701,6.18556701031,4.12371134021,8.24742268041,6.18556701031,1.03092783505,6.18556701031,0.0,7.21649484536,11.3402061856,0.0,1.03092783505,1.03092783505,7.21649484536,7.21649484536,6.18556701031,0.0,1.03092783505,7.21649484536
17.7083333333,2.08333333333,4.16666666667,4.16666666667,8.33333333333,5.20833333333,3.125,8.33333333333,0.0,9.375,9.375,0.0,1.04166666667,2.08333333333,6.25,6.25,7.29166666667,0.0,1.04166666667,4.16666666667
17.8217821782,2.9702970297,0.0,8.91089108911,7.92079207921,0.0,0.990099009901,6.93069306931,0.990099009901,2.9702970297,10.8910891089,1.9801980198,2.9702970297,1.9801980198,3.9603960396,12.8712871287,7.92079207921,0.0,0.990099009901,6.93069306931
16.6666666667,2.08333333333,3.125,5.20833333333,8.33333333333,6.25,2.08333333333,7.29166666667,0.0,8.33333333333,10.4166666667,0.0,1.04166666667,2.08333333333,6.25,7.29166666667,9.375,0.0,1.04166666667,3.125
20.7920792079,2.9702970297,1.9801980198,5.94059405941,7.92079207921,1.9801980198,0.990099009901,4.9504950495,0.0,1.9801980198,10.8910891089,2.9702970297,2.9702970297,1.9801980198,4.9504950495,6.93069306931,11.8811881188,0.0,0.990099009901,6.93069306931
14.0,3.0,1.0,5.0,8.0,0.0,3.0,8.0,0.0,2.0,10.0,4.0,3.0,3.0,4.0,10.0,14.0,0.0,1.0,7.0
8.91089108911,4.9504950495,2.9702970297,3.9603960396,7.92079207921,5.94059405941,2.9702970297,7.92079207921,0.990099009901,4.9504950495,8.91089108911,0.990099009901,1.9801980198,2.9702970297,8.91089108911,2.9702970297,10.8910891089,0.0,0.990099009901,9.90099009901
9.55414012739,0.636942675159,17.8343949045,1.91082802548,5.09554140127,3.82165605096,0.0,22.2929936306,0.0,3.82165605096,6.36942675159,0.0,0.636942675159,1.91082802548,6.36942675159,5.09554140127,3.82165605096,0.0,6.36942675159,4.45859872611
14.0,3.0,2.0,4.0,8.0,5.0,5.0,9.0,0.0,2.0,8.0,1.0,1.0,4.0,7.0,6.0,7.0,0.0,2.0,12.0
8.91089108911,4.9504950495,2.9702970297,3.9603960396,7.92079207921,5.94059405941,2.9702970297,7.92079207921,0.990099009901,4.9504950495,8.91089108911,0.990099009901,1.9801980198,2.9702970297,8.91089108911,2.9702970297,10.8910891089,0.0,0.990099009901,9.90099009901
9.86842105263,0.657894736842,17.7631578947,1.97368421053,5.26315789474,3.94736842105,0.0,22.3684210526,0.0,3.28947368421,6.57894736842,0.0,0.657894736842,2.63157894737,6.57894736842,5.92105263158,3.94736842105,0.0,4.60526315789,3.94736842105
14.0,3.0,2.0,4.0,8.0,5.0,5.0,9.0,0.0,2.0,8.0,1.0,1.0,4.0,7.0,6.0,7.0,0.0,2.0,12.0
8.91089108911,4.9504950495,2.9702970297,3.9603960396,7.92079207921,5.94059405941,2.9702970297,7.92079207921,0.990099009901,4.9504950495,8.91089108911,0.990099009901,1.9801980198,2.9702970297,8.91089108911,2.9702970297,10.8910891089,0.0,0.990099009901,9.90099009901
9.80392156863,0.653594771242,17.6470588235,1.96078431373,5.22875816993,3.26797385621,0.0,21.568627451,0.0,3.92156862745,6.53594771242,0.653594771242,0.653594771242,1.96078431373,6.53594771242,5.22875816993,3.92156862745,0.0,5.88235294118,4.57516339869
14.0,3.0,2.0,4.0,8.0,5.0,5.0,9.0,0.0,2.0,8.0,1.0,1.0,4.0,7.0,6.0,7.0,0.0,2.0,12.0
16.0,3.0,2.0,5.0,8.0,5.0,3.0,10.0,3.0,4.0,8.0,1.0,1.0,3.0,9.0,5.0,5.0,0.0,1.0,8.0
12.380952381,1.90476190476,2.85714285714,3.80952380952,7.61904761905,3.80952380952,2.85714285714,12.380952381,0.0,1.90476190476,9.52380952381,2.85714285714,1.90476190476,2.85714285714,8.57142857143,9.52380952381,8.57142857143,0.0,0.952380952381,5.71428571429
13.5922330097,1.94174757282,2.91262135922,5.82524271845,7.76699029126,4.85436893204,3.88349514563,9.70873786408,0.0,3.88349514563,8.73786407767,1.94174757282,1.94174757282,2.91262135922,6.79611650485,9.70873786408,7.76699029126,0.0,0.970873786408,4.85436893204
18.0952380952,1.90476190476,1.90476190476,7.61904761905,7.61904761905,2.85714285714,4.7619047619,7.61904761905,0.0,1.90476190476,9.52380952381,2.85714285714,1.90476190476,2.85714285714,9.52380952381,8.57142857143,3.80952380952,0.0,0.952380952381,5.71428571429
15.1785714286,1.78571428571,1.78571428571,4.46428571429,7.14285714286,2.67857142857,2.67857142857,17.8571428571,0.0,1.78571428571,8.03571428571,3.57142857143,1.78571428571,2.67857142857,7.14285714286,8.03571428571,5.35714285714,0.0,0.892857142857,7.14285714286
15.5963302752,1.83486238532,2.75229357798,4.5871559633,7.33944954128,2.75229357798,2.75229357798,16.5137614679,0.0,1.83486238532,8.25688073394,3.66972477064,1.83486238532,2.75229357798,7.33944954128,8.25688073394,4.5871559633,0.0,0.917431192661,6.42201834862
14.0,2.0,2.0,5.0,8.0,3.0,4.0,6.0,1.0,3.0,10.0,4.0,2.0,3.0,9.0,9.0,6.0,0.0,1.0,8.0
14.4230769231,1.92307692308,3.84615384615,1.92307692308,7.69230769231,2.88461538462,4.80769230769,10.5769230769,0.0,1.92307692308,9.61538461538,2.88461538462,1.92307692308,2.88461538462,9.61538461538,9.61538461538,6.73076923077,0.0,0.961538461538,5.76923076923
15.5963302752,1.83486238532,2.75229357798,4.5871559633,7.33944954128,2.75229357798,2.75229357798,16.5137614679,0.0,1.83486238532,8.25688073394,3.66972477064,1.83486238532,2.75229357798,7.33944954128,8.25688073394,4.5871559633,0.0,0.917431192661,6.42201834862
18.0952380952,1.90476190476,1.90476190476,7.61904761905,7.61904761905,2.85714285714,4.7619047619,7.61904761905,0.0,1.90476190476,9.52380952381,2.85714285714,1.90476190476,2.85714285714,9.52380952381,8.57142857143,3.80952380952,0.0,0.952380952381,5.71428571429
14.5631067961,1.94174757282,1.94174757282,5.82524271845,7.76699029126,3.88349514563,3.88349514563,9.70873786408,0.0,1.94174757282,9.70873786408,2.91262135922,1.94174757282,2.91262135922,6.79611650485,8.73786407767,8.73786407767,0.0,0.970873786408,5.82524271845
18.0952380952,1.90476190476,1.90476190476,7.61904761905,7.61904761905,2.85714285714,4.7619047619,7.61904761905,0.0,1.90476190476,9.52380952381,2.85714285714,1.90476190476,2.85714285714,9.52380952381,8.57142857143,3.80952380952,0.0,0.952380952381,5.71428571429
13.8888888889,1.85185185185,4.62962962963,2.77777777778,7.40740740741,2.77777777778,4.62962962963,14.8148148148,0.0,1.85185185185,9.25925925926,2.77777777778,1.85185185185,2.77777777778,7.40740740741,9.25925925926,5.55555555556,0.0,0.925925925926,5.55555555556
17.4757281553,1.94174757282,2.91262135922,5.82524271845,7.76699029126,1.94174757282,6.79611650485,4.85436893204,0.970873786408,1.94174757282,9.70873786408,2.91262135922,1.94174757282,2.91262135922,9.70873786408,9.70873786408,4.85436893204,0.0,0.970873786408,4.85436893204
15.5963302752,1.83486238532,2.75229357798,4.5871559633,7.33944954128,2.75229357798,1.83486238532,18.3486238532,0.0,1.83486238532,8.25688073394,3.66972477064,1.83486238532,2.75229357798,7.33944954128,7.33944954128,4.5871559633,0.0,0.917431192661,6.42201834862
15.5963302752,1.83486238532,2.75229357798,4.5871559633,7.33944954128,2.75229357798,2.75229357798,16.5137614679,0.0,1.83486238532,8.25688073394,3.66972477064,1.83486238532,2.75229357798,7.33944954128,8.25688073394,4.5871559633,0.0,0.917431192661,6.42201834862
15.5963302752,1.83486238532,2.75229357798,4.5871559633,7.33944954128,2.75229357798,2.75229357798,16.5137614679,0.0,1.83486238532,8.25688073394,3.66972477064,1.83486238532,2.75229357798,7.33944954128,8.25688073394,4.5871559633,0.0,0.917431192661,6.42201834862
14.6788990826,1.83486238532,2.75229357798,4.5871559633,7.33944954128,2.75229357798,2.75229357798,16.5137614679,0.0,1.83486238532,8.25688073394,3.66972477064,1.83486238532,2.75229357798,7.33944954128,8.25688073394,4.5871559633,0.0,0.917431192661,7.33944954128
19.0,1.0,1.0,4.0,8.0,4.0,4.0,7.0,0.0,7.0,7.0,3.0,3.0,3.0,8.0,12.0,6.0,0.0,2.0,1.0
15.5963302752,1.83486238532,2.75229357798,4.5871559633,7.33944954128,2.75229357798,2.75229357798,16.5137614679,0.0,1.83486238532,8.25688073394,3.66972477064,1.83486238532,2.75229357798,7.33944954128,8.25688073394,4.5871559633,0.0,0.917431192661,6.42201834862
15.1785714286,1.78571428571,1.78571428571,4.46428571429,7.14285714286,2.67857142857,2.67857142857,17.8571428571,0.0,1.78571428571,8.03571428571,3.57142857143,1.78571428571,2.67857142857,7.14285714286,7.14285714286,5.35714285714,0.0,0.892857142857,8.03571428571
14.5631067961,1.94174757282,2.91262135922,5.82524271845,6.79611650485,4.85436893204,3.88349514563,9.70873786408,0.0,3.88349514563,8.73786407767,1.94174757282,1.94174757282,2.91262135922,6.79611650485,10.6796116505,6.79611650485,0.0,0.970873786408,4.85436893204
13.5922330097,1.94174757282,2.91262135922,5.82524271845,7.76699029126,4.85436893204,3.88349514563,9.70873786408,0.0,3.88349514563,8.73786407767,1.94174757282,2.91262135922,2.91262135922,6.79611650485,9.70873786408,6.79611650485,0.0,0.970873786408,4.85436893204
17.8217821782,1.9801980198,3.9603960396,3.9603960396,7.92079207921,2.9702970297,3.9603960396,9.90099009901,0.0,2.9702970297,9.90099009901,2.9702970297,0.990099009901,2.9702970297,7.92079207921,6.93069306931,5.94059405941,0.0,0.990099009901,5.94059405941
15.5963302752,1.83486238532,2.75229357798,4.5871559633,7.33944954128,2.75229357798,2.75229357798,16.5137614679,0.0,1.83486238532,8.25688073394,3.66972477064,1.83486238532,2.75229357798,7.33944954128,7.33944954128,4.5871559633,0.0,0.917431192661,7.33944954128
15.5963302752,1.83486238532,2.75229357798,4.5871559633,7.33944954128,2.75229357798,2.75229357798,16.5137614679,0.0,1.83486238532,8.25688073394,3.66972477064,1.83486238532,2.75229357798,7.33944954128,8.25688073394,4.5871559633,0.0,0.917431192661,6.42201834862
9.89010989011,3.2967032967,5.49450549451,6.59340659341,8.79120879121,0.0,3.2967032967,5.49450549451,0.0,3.2967032967,12.0879120879,3.2967032967,1.0989010989,2.1978021978,10.989010989,8.79120879121,7.69230769231,0.0,2.1978021978,5.49450549451
13.4831460674,2.24719101124,4.49438202247,8.98876404494,8.98876404494,4.49438202247,3.37078651685,4.49438202247,1.12359550562,4.49438202247,8.98876404494,4.49438202247,1.12359550562,5.61797752809,4.49438202247,4.49438202247,2.24719101124,0.0,2.24719101124,10.1123595506
16.0377358491,4.71698113208,3.77358490566,3.77358490566,8.49056603774,6.60377358491,0.943396226415,5.66037735849,1.88679245283,3.77358490566,14.1509433962,0.0,1.88679245283,1.88679245283,5.66037735849,4.71698113208,5.66037735849,0.943396226415,2.83018867925,6.60377358491
6.46606914213,5.31370038412,5.56978233035,9.09090909091,2.11267605634,2.81690140845,4.73751600512,9.92317541613,2.24071702945,5.88988476312,7.29833546735,5.31370038412,2.24071702945,3.96927016645,4.60947503201,6.7861715749,4.99359795134,2.81690140845,3.52112676056,4.28937259923
17.3913043478,5.4347826087,1.08695652174,6.52173913043,8.69565217391,4.34782608696,1.08695652174,6.52173913043,2.17391304348,3.26086956522,13.0434782609,0.0,2.17391304348,1.08695652174,8.69565217391,1.08695652174,7.60869565217,0.0,2.17391304348,7.60869565217
8.60215053763,3.22580645161,3.22580645161,6.45161290323,8.60215053763,2.15053763441,6.45161290323,4.30107526882,0.0,4.30107526882,7.52688172043,3.22580645161,2.15053763441,6.45161290323,15.0537634409,1.0752688172,9.67741935484,0.0,3.22580645161,4.30107526882
14.606741573,4.49438202247,4.49438202247,7.86516853933,8.98876404494,3.37078651685,5.61797752809,4.49438202247,0.0,5.61797752809,7.86516853933,4.49438202247,1.12359550562,4.49438202247,4.49438202247,5.61797752809,1.12359550562,0.0,1.12359550562,10.1123595506
8.46153846154,5.38461538462,1.53846153846,3.84615384615,6.15384615385,2.30769230769,6.15384615385,11.5384615385,0.769230769231,2.30769230769,5.38461538462,5.38461538462,1.53846153846,5.38461538462,13.0769230769,6.92307692308,7.69230769231,0.0,3.07692307692,3.07692307692
7.69230769231,3.4188034188,8.54700854701,4.2735042735,7.69230769231,1.7094017094,9.40170940171,4.2735042735,1.7094017094,5.12820512821,5.12820512821,1.7094017094,0.854700854701,7.69230769231,7.69230769231,11.9658119658,5.98290598291,0.0,0.854700854701,4.2735042735
7.21649484536,5.49828178694,3.43642611684,5.15463917526,3.78006872852,3.43642611684,5.84192439863,6.18556701031,3.09278350515,4.81099656357,9.62199312715,2.40549828179,1.71821305842,4.81099656357,7.90378006873,8.5910652921,6.87285223368,1.71821305842,2.40549828179,5.49828178694
13.4020618557,6.18556701031,3.09278350515,8.24742268041,8.24742268041,4.12371134021,1.03092783505,9.27835051546,0.0,1.03092783505,9.27835051546,3.09278350515,1.03092783505,5.15463917526,7.21649484536,3.09278350515,6.18556701031,0.0,0.0,10.3092783505
15.3846153846,1.0989010989,4.3956043956,3.2967032967,8.79120879121,5.49450549451,2.1978021978,7.69230769231,1.0989010989,3.2967032967,8.79120879121,3.2967032967,2.1978021978,3.2967032967,5.49450549451,6.59340659341,7.69230769231,0.0,2.1978021978,7.69230769231
10.0529100529,1.5873015873,4.7619047619,3.7037037037,5.29100529101,5.29100529101,1.0582010582,5.29100529101,2.6455026455,6.34920634921,13.7566137566,4.2328042328,1.5873015873,4.7619047619,9.52380952381,11.1111111111,5.29100529101,0.0,0.0,3.7037037037
14.4144144144,0.900900900901,4.5045045045,1.8018018018,7.20720720721,5.40540540541,1.8018018018,9.00900900901,0.0,2.7027027027,9.00900900901,3.6036036036,3.6036036036,3.6036036036,9.90990990991,6.30630630631,6.30630630631,0.0,0.900900900901,9.00900900901
18.8235294118,0.0,4.70588235294,1.17647058824,9.41176470588,5.88235294118,3.52941176471,4.70588235294,0.0,7.05882352941,4.70588235294,5.88235294118,1.17647058824,4.70588235294,3.52941176471,15.2941176471,4.70588235294,0.0,1.17647058824,3.52941176471
7.58213984836,0.589721988206,8.34035383319,4.4650379107,4.88626790227,2.86436394271,0.926705981466,18.8711036226,0.50547598989,0.842459983151,3.03285593934,1.43218197136,0.0842459983151,1.85341196293,12.9738837405,18.6183656276,6.90817186184,0.421229991575,1.43218197136,3.3698399326
14.4230769231,0.480769230769,1.92307692308,2.40384615385,4.32692307692,2.88461538462,1.92307692308,24.5192307692,0.0,0.961538461538,12.5,2.40384615385,0.480769230769,0.961538461538,4.32692307692,4.80769230769,12.5,0.0,0.480769230769,7.69230769231
13.0434782609,5.79710144928,2.89855072464,8.69565217391,7.24637681159,2.89855072464,4.34782608696,5.79710144928,0.0,7.24637681159,5.79710144928,0.0,1.44927536232,2.89855072464,4.34782608696,5.79710144928,8.69565217391,0.0,1.44927536232,11.5942028986
12.037037037,2.77777777778,1.85185185185,5.55555555556,7.40740740741,2.77777777778,4.62962962963,9.25925925926,0.0,2.77777777778,11.1111111111,2.77777777778,1.85185185185,2.77777777778,3.7037037037,9.25925925926,9.25925925926,0.0,1.85185185185,8.33333333333
13.6363636364,4.54545454545,3.63636363636,7.27272727273,5.45454545455,4.54545454545,1.81818181818,10.0,0.909090909091,2.72727272727,10.0,6.36363636364,0.909090909091,2.72727272727,4.54545454545,4.54545454545,6.36363636364,0.0,2.72727272727,7.27272727273
20.2380952381,1.19047619048,3.57142857143,2.38095238095,9.52380952381,2.38095238095,2.38095238095,11.9047619048,0.0,4.7619047619,9.52380952381,4.7619047619,2.38095238095,2.38095238095,7.14285714286,3.57142857143,5.95238095238,0.0,1.19047619048,4.7619047619
7.23226703755,0.973574408901,7.6495132128,4.31154381085,5.00695410292,2.78164116829,1.25173852573,17.9415855355,0.834492350487,1.25173852573,4.03337969402,1.25173852573,0.139082058414,1.25173852573,12.3783031989,18.776077886,7.92767732962,0.139082058414,1.52990264256,3.33796940195
16.8421052632,2.10526315789,3.15789473684,3.15789473684,8.42105263158,3.15789473684,2.10526315789,10.5263157895,0.0,6.31578947368,9.47368421053,4.21052631579,1.05263157895,0.0,7.36842105263,7.36842105263,6.31578947368,0.0,1.05263157895,7.36842105263
14.8514851485,2.9702970297,3.9603960396,4.9504950495,5.94059405941,2.9702970297,3.9603960396,6.93069306931,0.990099009901,4.9504950495,8.91089108911,5.94059405941,1.9801980198,3.9603960396,5.94059405941,3.9603960396,3.9603960396,0.0,1.9801980198,10.8910891089
9.92282249173,6.28445424476,2.31532524807,4.07938257993,2.64608599779,2.53583241455,4.85115766262,6.83572216097,2.09481808159,4.85115766262,9.81256890849,2.64608599779,1.8743109151,4.63065049614,5.95369349504,6.50496141125,6.06394707828,2.42557883131,3.96912899669,9.70231532525
5.85284280936,1.17056856187,5.85284280936,4.01337792642,4.18060200669,2.17391304348,1.33779264214,15.7190635452,3.34448160535,2.00668896321,3.51170568562,2.67558528428,0.66889632107,1.17056856187,14.5484949833,13.0434782609,12.2073578595,0.0,1.00334448161,5.51839464883
16.4948453608,3.09278350515,2.0618556701,4.12371134021,8.24742268041,6.18556701031,2.0618556701,6.18556701031,1.03092783505,5.15463917526,12.3711340206,0.0,2.0618556701,2.0618556701,7.21649484536,3.09278350515,11.3402061856,0.0,2.0618556701,5.15463917526
15.7894736842,2.10526315789,3.15789473684,6.31578947368,8.42105263158,3.15789473684,0.0,12.6315789474,1.05263157895,5.26315789474,10.5263157895,2.10526315789,1.05263157895,2.10526315789,6.31578947368,6.31578947368,5.26315789474,0.0,1.05263157895,7.36842105263
14.2857142857,1.5873015873,3.1746031746,1.5873015873,7.93650793651,3.1746031746,3.1746031746,11.1111111111,1.5873015873,3.1746031746,11.1111111111,1.5873015873,1.5873015873,3.1746031746,6.34920634921,7.93650793651,4.7619047619,0.0,4.7619047619,7.93650793651
16.6666666667,0.0,2.22222222222,3.33333333333,8.88888888889,3.33333333333,2.22222222222,14.4444444444,0.0,2.22222222222,14.4444444444,4.44444444444,1.11111111111,2.22222222222,7.77777777778,3.33333333333,3.33333333333,0.0,1.11111111111,8.88888888889
16.8421052632,0.0,5.26315789474,4.21052631579,8.42105263158,3.15789473684,0.0,12.6315789474,1.05263157895,3.15789473684,11.5789473684,3.15789473684,1.05263157895,2.10526315789,8.42105263158,6.31578947368,6.31578947368,0.0,1.05263157895,5.26315789474
12.9032258065,0.0,3.22580645161,1.0752688172,8.60215053763,4.30107526882,1.0752688172,10.752688172,1.0752688172,1.0752688172,8.60215053763,4.30107526882,3.22580645161,4.30107526882,9.67741935484,5.37634408602,8.60215053763,0.0,0.0,11.8279569892
10.2739726027,2.05479452055,3.42465753425,7.53424657534,5.47945205479,0.684931506849,2.7397260274,21.2328767123,0.684931506849,4.1095890411,9.58904109589,2.05479452055,0.684931506849,1.3698630137,6.84931506849,10.2739726027,4.79452054795,0.0,2.05479452055,4.1095890411
14.1509433962,2.83018867925,7.54716981132,2.83018867925,7.54716981132,3.77358490566,0.0,7.54716981132,0.0,8.49056603774,8.49056603774,2.83018867925,2.83018867925,1.88679245283,4.71698113208,8.49056603774,9.43396226415,0.0,1.88679245283,4.71698113208
16.4705882353,1.17647058824,4.70588235294,4.70588235294,9.41176470588,4.70588235294,1.17647058824,8.23529411765,0.0,2.35294117647,7.05882352941,3.52941176471,1.17647058824,1.17647058824,7.05882352941,9.41176470588,5.88235294118,0.0,1.17647058824,10.5882352941
15.0943396226,3.77358490566,6.60377358491,7.54716981132,7.54716981132,0.943396226415,0.943396226415,3.77358490566,0.0,6.60377358491,7.54716981132,3.77358490566,2.83018867925,4.71698113208,6.60377358491,8.49056603774,7.54716981132,0.0,0.943396226415,4.71698113208
10.6382978723,3.1914893617,0.0,8.51063829787,8.51063829787,2.12765957447,2.12765957447,9.57446808511,1.06382978723,6.3829787234,11.7021276596,1.06382978723,3.1914893617,2.12765957447,9.57446808511,3.1914893617,9.57446808511,0.0,0.0,7.44680851064
7.69230769231,4.3956043956,2.1978021978,5.49450549451,8.79120879121,2.1978021978,1.0989010989,6.59340659341,1.0989010989,10.989010989,7.69230769231,0.0,2.1978021978,5.49450549451,6.59340659341,13.1868131868,6.59340659341,0.0,0.0,7.69230769231
11.0091743119,0.917431192661,3.66972477064,2.75229357798,7.33944954128,5.50458715596,0.0,17.4311926606,0.0,2.75229357798,9.17431192661,3.66972477064,0.917431192661,2.75229357798,7.33944954128,8.25688073394,4.5871559633,0.0,1.83486238532,10.0917431193
15.8415841584,5.94059405941,1.9801980198,4.9504950495,6.93069306931,3.9603960396,3.9603960396,5.94059405941,0.990099009901,4.9504950495,7.92079207921,0.0,0.990099009901,3.9603960396,5.94059405941,10.8910891089,3.9603960396,0.0,2.9702970297,7.92079207921
13.5416666667,3.125,6.25,4.16666666667,7.29166666667,3.125,2.08333333333,6.25,0.0,4.16666666667,8.33333333333,4.16666666667,3.125,3.125,7.29166666667,5.20833333333,10.4166666667,1.04166666667,1.04166666667,6.25
11.214953271,0.934579439252,2.80373831776,6.54205607477,7.47663551402,2.80373831776,5.60747663551,3.73831775701,4.67289719626,1.8691588785,11.214953271,0.934579439252,1.8691588785,4.67289719626,10.2803738318,7.47663551402,10.2803738318,0.0,1.8691588785,3.73831775701
10.1694915254,0.0,9.32203389831,1.69491525424,6.77966101695,14.406779661,0.0,9.32203389831,0.0,1.69491525424,5.93220338983,1.69491525424,0.847457627119,2.54237288136,12.7118644068,7.62711864407,10.1694915254,0.0,0.847457627119,4.23728813559
15.0,3.0,1.0,7.0,8.0,4.0,1.0,7.0,0.0,7.0,9.0,2.0,1.0,2.0,7.0,10.0,9.0,0.0,0.0,7.0
10.6382978723,0.0,4.25531914894,2.12765957447,8.51063829787,10.6382978723,0.0,10.6382978723,0.0,2.12765957447,7.44680851064,2.12765957447,1.06382978723,3.1914893617,11.7021276596,9.57446808511,9.57446808511,0.0,1.06382978723,5.31914893617
14.7368421053,2.10526315789,2.10526315789,6.31578947368,8.42105263158,6.31578947368,3.15789473684,6.31578947368,1.05263157895,6.31578947368,10.5263157895,0.0,1.05263157895,3.15789473684,7.36842105263,6.31578947368,9.47368421053,0.0,1.05263157895,4.21052631579
16.8316831683,3.9603960396,0.0,6.93069306931,7.92079207921,2.9702970297,0.0,8.91089108911,0.0,5.94059405941,10.8910891089,1.9801980198,0.990099009901,1.9801980198,6.93069306931,7.92079207921,10.8910891089,0.0,0.0,4.9504950495
14.7368421053,1.05263157895,0.0,5.26315789474,8.42105263158,5.26315789474,2.10526315789,5.26315789474,1.05263157895,7.36842105263,10.5263157895,1.05263157895,1.05263157895,2.10526315789,8.42105263158,8.42105263158,11.5789473684,0.0,1.05263157895,5.26315789474
16.0,3.0,1.0,6.0,8.0,4.0,1.0,7.0,0.0,7.0,9.0,2.0,2.0,2.0,7.0,9.0,10.0,0.0,1.0,5.0
13.0,2.0,4.0,1.0,8.0,5.0,5.0,11.0,0.0,3.0,10.0,4.0,1.0,5.0,6.0,9.0,5.0,0.0,3.0,5.0
9.20353982301,1.06194690265,3.18584070796,5.30973451327,1.59292035398,2.47787610619,2.47787610619,7.78761061947,0.530973451327,4.07079646018,3.36283185841,0.70796460177,0.530973451327,1.2389380531,12.7433628319,19.2920353982,14.1592920354,0.0,1.2389380531,9.02654867257
12.2448979592,3.0612244898,3.0612244898,6.12244897959,8.16326530612,6.12244897959,2.04081632653,7.14285714286,0.0,5.10204081633,10.2040816327,1.02040816327,1.02040816327,2.04081632653,7.14285714286,7.14285714286,9.18367346939,0.0,2.04081632653,7.14285714286
16.8421052632,1.05263157895,3.15789473684,4.21052631579,8.42105263158,4.21052631579,1.05263157895,13.6842105263,2.10526315789,4.21052631579,11.5789473684,2.10526315789,1.05263157895,2.10526315789,8.42105263158,4.21052631579,4.21052631579,0.0,1.05263157895,6.31578947368
12.3188405797,0.0,3.6231884058,4.34782608696,5.79710144928,0.724637681159,4.34782608696,26.8115942029,0.724637681159,2.89855072464,7.24637681159,1.44927536232,1.44927536232,1.44927536232,7.24637681159,5.79710144928,5.07246376812,0.724637681159,1.44927536232,6.52173913043
11.1111111111,2.92397660819,7.60233918129,1.16959064327,4.6783625731,6.43274853801,2.33918128655,11.6959064327,5.26315789474,2.33918128655,9.3567251462,2.92397660819,1.75438596491,2.92397660819,5.26315789474,14.6198830409,2.92397660819,0.0,1.75438596491,2.92397660819
9.52380952381,0.865800865801,8.22510822511,4.329004329,6.06060606061,3.4632034632,4.329004329,21.2121212121,5.19480519481,0.4329004329,5.19480519481,2.5974025974,0.4329004329,1.7316017316,5.62770562771,8.22510822511,3.8961038961,1.2987012987,4.329004329,3.0303030303
16.6666666667,3.125,3.125,3.125,8.33333333333,7.29166666667,4.16666666667,9.375,1.04166666667,4.16666666667,9.375,2.08333333333,1.04166666667,4.16666666667,4.16666666667,5.20833333333,5.20833333333,0.0,3.125,5.20833333333
14.953271028,2.80373831776,3.73831775701,5.60747663551,7.47663551402,4.67289719626,1.8691588785,4.67289719626,0.0,3.73831775701,9.34579439252,3.73831775701,0.934579439252,3.73831775701,5.60747663551,8.41121495327,11.214953271,0.0,1.8691588785,5.60747663551
11.9565217391,3.26086956522,3.26086956522,4.34782608696,8.69565217391,4.34782608696,0.0,7.60869565217,0.0,6.52173913043,10.8695652174,3.26086956522,2.17391304348,3.26086956522,3.26086956522,13.0434782609,5.4347826087,0.0,1.08695652174,7.60869565217
6.75241157556,3.85852090032,20.2572347267,2.89389067524,2.57234726688,0.64308681672,1.92926045016,27.652733119,0.64308681672,1.92926045016,2.25080385852,2.89389067524,0.32154340836,3.53697749196,6.4308681672,5.78778135048,1.92926045016,0.0,5.14469453376,2.57234726688
14.7945205479,1.3698630137,4.65753424658,0.821917808219,2.19178082192,1.3698630137,1.09589041096,8.76712328767,0.0,3.83561643836,9.31506849315,0.821917808219,4.93150684932,1.3698630137,7.67123287671,12.8767123288,15.3424657534,0.27397260274,1.91780821918,6.57534246575
19.587628866,3.09278350515,1.03092783505,6.18556701031,8.24742268041,4.12371134021,1.03092783505,6.18556701031,0.0,6.18556701031,9.27835051546,3.09278350515,1.03092783505,2.0618556701,8.24742268041,7.21649484536,6.18556701031,0.0,0.0,7.21649484536
19.4174757282,3.88349514563,0.970873786408,4.85436893204,8.73786407767,2.91262135922,2.91262135922,4.85436893204,0.970873786408,0.970873786408,8.73786407767,2.91262135922,0.970873786408,6.79611650485,10.6796116505,3.88349514563,3.88349514563,0.970873786408,0.970873786408,9.70873786408
5.1724137931,1.14942528736,3.44827586207,12.6436781609,4.59770114943,1.72413793103,2.29885057471,16.6666666667,1.14942528736,2.29885057471,9.19540229885,3.44827586207,1.14942528736,1.14942528736,12.6436781609,8.04597701149,5.1724137931,0.0,5.1724137931,2.87356321839
14.2857142857,2.1978021978,2.1978021978,1.0989010989,8.79120879121,2.1978021978,3.2967032967,5.49450549451,0.0,7.69230769231,9.89010989011,3.2967032967,3.2967032967,6.59340659341,6.59340659341,9.89010989011,7.69230769231,0.0,0.0,5.49450549451
14.7058823529,0.980392156863,3.92156862745,6.86274509804,7.8431372549,3.92156862745,1.96078431373,6.86274509804,0.980392156863,5.88235294118,12.7450980392,2.94117647059,0.980392156863,2.94117647059,6.86274509804,5.88235294118,6.86274509804,0.0,1.96078431373,4.90196078431
12.7272727273,0.909090909091,5.45454545455,7.27272727273,8.18181818182,3.63636363636,6.36363636364,5.45454545455,4.54545454545,4.54545454545,10.0,4.54545454545,0.909090909091,1.81818181818,6.36363636364,5.45454545455,2.72727272727,1.81818181818,2.72727272727,4.54545454545
11.5384615385,2.30769230769,10.7692307692,3.84615384615,6.15384615385,0.769230769231,0.0,14.6153846154,0.769230769231,1.53846153846,6.92307692308,1.53846153846,0.769230769231,3.84615384615,11.5384615385,4.61538461538,8.46153846154,0.0,3.07692307692,6.92307692308
16.1290322581,2.15053763441,0.0,3.22580645161,9.67741935484,6.45161290323,5.37634408602,5.37634408602,0.0,3.22580645161,9.67741935484,1.0752688172,1.0752688172,3.22580645161,4.30107526882,8.60215053763,12.9032258065,0.0,1.0752688172,6.45161290323
12.1212121212,2.0202020202,3.0303030303,5.05050505051,8.08080808081,8.08080808081,4.0404040404,6.06060606061,0.0,2.0202020202,9.09090909091,0.0,1.0101010101,4.0404040404,7.07070707071,6.06060606061,8.08080808081,0.0,3.0303030303,11.1111111111
11.3043478261,0.0,2.60869565217,6.95652173913,6.95652173913,5.21739130435,1.73913043478,16.5217391304,0.0,4.34782608696,9.5652173913,1.73913043478,1.73913043478,0.869565217391,4.34782608696,8.69565217391,9.5652173913,0.0,0.869565217391,6.95652173913
12.1212121212,7.07070707071,4.0404040404,2.0202020202,8.08080808081,3.0303030303,5.05050505051,8.08080808081,2.0202020202,6.06060606061,12.1212121212,2.0202020202,4.0404040404,2.0202020202,5.05050505051,8.08080808081,8.08080808081,0.0,0.0,1.0101010101
20.0,1.90476190476,1.90476190476,4.7619047619,7.61904761905,2.85714285714,0.952380952381,7.61904761905,0.0,3.80952380952,9.52380952381,0.952380952381,2.85714285714,2.85714285714,5.71428571429,8.57142857143,7.61904761905,0.0,0.952380952381,9.52380952381
13.829787234,1.06382978723,6.3829787234,4.25531914894,8.51063829787,3.1914893617,0.0,7.44680851064,1.06382978723,1.06382978723,9.57446808511,5.31914893617,2.12765957447,3.1914893617,5.31914893617,9.57446808511,8.51063829787,0.0,1.06382978723,8.51063829787
14.8936170213,1.06382978723,6.3829787234,4.25531914894,8.51063829787,3.1914893617,0.0,8.51063829787,1.06382978723,1.06382978723,8.51063829787,5.31914893617,2.12765957447,4.25531914894,5.31914893617,8.51063829787,7.44680851064,0.0,1.06382978723,8.51063829787
11.5681233933,7.96915167095,4.11311053985,6.42673521851,1.15681233933,3.08483290488,4.37017994859,9.12596401028,3.21336760925,4.11311053985,9.8971722365,3.47043701799,2.31362467866,3.34190231362,5.78406169666,5.14138817481,4.7557840617,1.41388174807,2.05655526992,6.55526992288
14.8936170213,1.06382978723,6.3829787234,4.25531914894,8.51063829787,3.1914893617,0.0,7.44680851064,1.06382978723,1.06382978723,9.57446808511,5.31914893617,2.12765957447,3.1914893617,5.31914893617,9.57446808511,7.44680851064,0.0,1.06382978723,8.51063829787
13.2653061224,3.0612244898,4.08163265306,5.10204081633,8.16326530612,6.12244897959,4.08163265306,7.14285714286,0.0,3.0612244898,9.18367346939,0.0,1.02040816327,4.08163265306,8.16326530612,4.08163265306,7.14285714286,0.0,2.04081632653,10.2040816327
7.04845814978,0.0,24.6696035242,2.20264317181,3.52422907489,1.32158590308,0.440528634361,31.718061674,1.76211453744,0.440528634361,5.28634361233,2.64317180617,1.32158590308,1.32158590308,3.96475770925,2.20264317181,5.28634361233,0.0,1.32158590308,3.52422907489
13.2653061224,3.0612244898,4.08163265306,5.10204081633,8.16326530612,6.12244897959,4.08163265306,7.14285714286,0.0,3.0612244898,10.2040816327,0.0,1.02040816327,4.08163265306,7.14285714286,5.10204081633,7.14285714286,0.0,2.04081632653,9.18367346939
17.8947368421,2.10526315789,1.05263157895,4.21052631579,8.42105263158,3.15789473684,0.0,6.31578947368,0.0,3.15789473684,10.5263157895,2.10526315789,2.10526315789,2.10526315789,7.36842105263,11.5789473684,6.31578947368,0.0,0.0,11.5789473684
7.78816199377,2.49221183801,18.3800623053,2.18068535826,2.80373831776,3.11526479751,1.246105919,23.0529595016,3.73831775701,1.8691588785,6.85358255452,2.49221183801,1.246105919,2.18068535826,5.60747663551,5.91900311526,4.98442367601,0.311526479751,0.934579439252,2.80373831776
13.829787234,1.06382978723,6.3829787234,4.25531914894,8.51063829787,3.1914893617,0.0,8.51063829787,1.06382978723,1.06382978723,8.51063829787,5.31914893617,2.12765957447,4.25531914894,5.31914893617,8.51063829787,8.51063829787,0.0,1.06382978723,8.51063829787
12.1212121212,7.07070707071,4.0404040404,2.0202020202,8.08080808081,3.0303030303,5.05050505051,8.08080808081,2.0202020202,6.06060606061,13.1313131313,2.0202020202,3.0303030303,2.0202020202,5.05050505051,8.08080808081,8.08080808081,0.0,0.0,1.0101010101
15.5069582505,4.37375745527,3.97614314115,6.36182902584,1.59045725646,4.57256461233,5.1689860835,6.5606361829,0.994035785288,2.78330019881,7.15705765408,6.5606361829,0.198807157058,3.57852882704,4.17495029821,9.54274353877,5.96421471173,1.78926441352,3.57852882704,5.56660039761
11.3924050633,8.60759493671,4.55696202532,6.83544303797,2.27848101266,3.29113924051,4.55696202532,8.10126582278,3.54430379747,3.03797468354,9.87341772152,3.03797468354,1.51898734177,2.78481012658,6.07594936709,5.56962025316,5.06329113924,1.26582278481,1.77215189873,6.83544303797
14.2857142857,3.0612244898,3.0612244898,6.12244897959,8.16326530612,6.12244897959,3.0612244898,7.14285714286,0.0,5.10204081633,10.2040816327,1.02040816327,1.02040816327,2.04081632653,7.14285714286,6.12244897959,7.14285714286,0.0,2.04081632653,7.14285714286
9.05797101449,0.54347826087,3.80434782609,5.61594202899,1.63043478261,2.35507246377,2.17391304348,8.15217391304,0.54347826087,4.16666666667,3.98550724638,1.08695652174,0.724637681159,1.44927536232,12.6811594203,18.4782608696,14.4927536232,0.0,1.26811594203,7.78985507246
13.0,2.0,4.0,1.0,8.0,5.0,6.0,11.0,0.0,3.0,9.0,4.0,1.0,6.0,6.0,9.0,5.0,0.0,2.0,5.0
9.18727915194,1.06007067138,3.18021201413,5.30035335689,1.59010600707,2.47349823322,2.47349823322,7.77385159011,0.530035335689,4.06360424028,3.35689045936,0.706713780919,0.530035335689,1.23674911661,12.7208480565,19.4346289753,14.1342756184,0.0,1.23674911661,9.01060070671
13.6363636364,2.27272727273,11.3636363636,4.54545454545,6.81818181818,3.0303030303,0.757575757576,13.6363636364,2.27272727273,2.27272727273,10.6060606061,1.51515151515,1.51515151515,0.757575757576,5.30303030303,10.6060606061,3.0303030303,0.0,1.51515151515,4.54545454545
15.306122449,1.02040816327,5.10204081633,3.0612244898,8.16326530612,9.18367346939,1.02040816327,7.14285714286,0.0,7.14285714286,6.12244897959,2.04081632653,1.02040816327,7.14285714286,11.2244897959,6.12244897959,4.08163265306,0.0,0.0,5.10204081633
6.54205607477,2.80373831776,0.0,11.214953271,7.47663551402,0.934579439252,1.8691588785,14.0186915888,1.8691588785,5.60747663551,12.1495327103,4.67289719626,1.8691588785,4.67289719626,8.41121495327,6.54205607477,2.80373831776,0.0,3.73831775701,2.80373831776
9.70873786408,1.94174757282,3.88349514563,5.82524271845,7.76699029126,2.91262135922,0.0,14.5631067961,0.0,6.79611650485,6.79611650485,2.91262135922,0.970873786408,4.85436893204,7.76699029126,8.73786407767,6.79611650485,0.0,1.94174757282,5.82524271845
8.64197530864,2.46913580247,6.17283950617,6.17283950617,7.40740740741,1.23456790123,2.46913580247,12.3456790123,0.0,6.17283950617,7.40740740741,3.7037037037,1.23456790123,8.64197530864,7.40740740741,3.7037037037,3.7037037037,0.0,4.93827160494,4.93827160494
11.4285714286,1.90476190476,3.80952380952,4.7619047619,7.61904761905,2.85714285714,0.0,15.2380952381,0.952380952381,6.66666666667,6.66666666667,2.85714285714,0.952380952381,4.7619047619,7.61904761905,9.52380952381,4.7619047619,0.0,1.90476190476,5.71428571429
9.90099009901,1.9801980198,4.9504950495,4.9504950495,7.92079207921,2.9702970297,0.0,10.8910891089,0.0,6.93069306931,7.92079207921,2.9702970297,0.990099009901,4.9504950495,6.93069306931,11.8811881188,5.94059405941,0.0,1.9801980198,5.94059405941
13.2653061224,3.0612244898,5.10204081633,5.10204081633,8.16326530612,5.10204081633,2.04081632653,8.16326530612,0.0,3.0612244898,10.2040816327,2.04081632653,1.02040816327,2.04081632653,7.14285714286,3.0612244898,9.18367346939,0.0,2.04081632653,10.2040816327
17.9245283019,1.88679245283,0.0,5.66037735849,7.54716981132,7.54716981132,2.83018867925,6.60377358491,0.0,5.66037735849,10.3773584906,0.943396226415,0.943396226415,3.77358490566,7.54716981132,6.60377358491,7.54716981132,0.0,0.0,6.60377358491
11.6504854369,1.94174757282,3.88349514563,4.85436893204,7.76699029126,2.91262135922,0.0,15.5339805825,0.0,6.79611650485,6.79611650485,2.91262135922,0.970873786408,4.85436893204,7.76699029126,8.73786407767,5.82524271845,0.0,1.94174757282,4.85436893204
14.4329896907,3.09278350515,2.0618556701,4.12371134021,8.24742268041,7.21649484536,5.15463917526,9.27835051546,0.0,5.15463917526,10.3092783505,1.03092783505,1.03092783505,4.12371134021,5.15463917526,5.15463917526,7.21649484536,0.0,2.0618556701,5.15463917526
