A,R,N,D,C,Q,E,G,H,I,L,K,M,F,P,S,T,W,Y,V
13.768115942,2.17391304348,6.52173913043,6.52173913043,2.89855072464,6.52173913043,0.0,13.0434782609,0.724637681159,5.07246376812,8.69565217391,1.44927536232,1.44927536232,2.17391304348,1.44927536232,10.1449275362,5.79710144928,2.17391304348,3.6231884058,5.79710144928
8.49673202614,1.30718954248,5.22875816993,5.22875816993,2.61437908497,7.18954248366,3.26797385621,9.80392156863,0.653594771242,3.26797385621,10.4575163399,1.96078431373,1.30718954248,3.26797385621,3.92156862745,12.4183006536,8.49673202614,0.653594771242,3.92156862745,6.53594771242
11.1111111111,1.48148148148,7.40740740741,6.66666666667,2.96296296296,1.48148148148,1.48148148148,9.62962962963,0.740740740741,3.7037037037,7.40740740741,5.18518518519,1.48148148148,5.18518518519,3.7037037037,9.62962962963,9.62962962963,0.740740740741,2.96296296296,7.40740740741
10.9589041096,1.3698630137,6.84931506849,6.16438356164,2.7397260274,1.3698630137,1.3698630137,9.58904109589,0.684931506849,4.1095890411,8.21917808219,5.47945205479,2.05479452055,5.47945205479,4.1095890411,8.90410958904,10.2739726027,0.684931506849,2.7397260274,6.84931506849
10.9589041096,1.3698630137,6.84931506849,6.16438356164,2.7397260274,1.3698630137,1.3698630137,9.58904109589,0.684931506849,4.1095890411,8.21917808219,5.47945205479,2.05479452055,5.47945205479,4.1095890411,8.90410958904,10.2739726027,0.684931506849,2.7397260274,6.84931506849
11.1111111111,1.48148148148,7.40740740741,6.66666666667,2.96296296296,1.48148148148,1.48148148148,9.62962962963,0.740740740741,3.7037037037,7.40740740741,5.18518518519,1.48148148148,5.18518518519,3.7037037037,9.62962962963,9.62962962963,0.740740740741,2.96296296296,7.40740740741
16.6666666667,2.17391304348,4.34782608696,5.79710144928,2.89855072464,5.07246376812,0.0,11.5942028986,2.17391304348,4.34782608696,7.97101449275,2.17391304348,1.44927536232,3.6231884058,2.17391304348,7.24637681159,7.97101449275,2.17391304348,4.34782608696,5.79710144928
11.2676056338,3.52112676056,4.22535211268,6.33802816901,2.81690140845,5.6338028169,3.52112676056,11.2676056338,3.52112676056,5.6338028169,8.45070422535,0.0,0.704225352113,1.40845070423,2.11267605634,6.33802816901,9.85915492958,2.11267605634,4.22535211268,7.04225352113
10.2040816327,3.40136054422,3.40136054422,7.48299319728,2.72108843537,3.40136054422,4.7619047619,6.80272108844,1.36054421769,2.04081632653,12.2448979592,4.08163265306,2.72108843537,6.12244897959,2.04081632653,10.2040816327,4.7619047619,2.04081632653,2.04081632653,8.16326530612
11.6438356164,0.0,6.84931506849,4.79452054795,3.42465753425,2.05479452055,1.3698630137,10.2739726027,0.684931506849,5.47945205479,8.21917808219,6.16438356164,2.05479452055,6.16438356164,4.1095890411,8.21917808219,10.9589041096,0.684931506849,2.05479452055,4.79452054795
14.3884892086,0.719424460432,5.75539568345,3.59712230216,2.87769784173,5.75539568345,0.719424460432,11.5107913669,1.43884892086,5.75539568345,11.5107913669,2.87769784173,1.43884892086,2.15827338129,2.15827338129,10.071942446,7.91366906475,1.43884892086,2.87769784173,5.03597122302
10.5633802817,1.40845070423,7.74647887324,4.22535211268,3.52112676056,2.81690140845,0.0,10.5633802817,1.40845070423,4.92957746479,9.85915492958,2.81690140845,1.40845070423,3.52112676056,2.81690140845,7.74647887324,14.7887323944,2.11267605634,0.704225352113,7.04225352113
9.09090909091,7.64966740576,4.65631929047,7.20620842572,1.44124168514,3.43680709534,6.20842572062,6.09756097561,3.65853658537,3.32594235033,9.31263858093,3.32594235033,1.66297117517,3.54767184035,5.87583148559,7.76053215078,4.32372505543,1.33037694013,2.66075388027,7.42793791574
14.1104294479,6.74846625767,2.45398773006,3.68098159509,1.84049079755,4.29447852761,2.45398773006,5.52147239264,4.29447852761,3.68098159509,10.4294478528,3.06748466258,2.45398773006,2.45398773006,4.29447852761,8.58895705521,8.58895705521,0.613496932515,1.22699386503,9.20245398773
13.2867132867,1.3986013986,7.69230769231,5.59440559441,3.4965034965,3.4965034965,1.3986013986,8.39160839161,1.3986013986,3.4965034965,9.09090909091,2.7972027972,1.3986013986,5.59440559441,3.4965034965,6.99300699301,11.1888111888,1.3986013986,2.0979020979,6.29370629371
11.8881118881,0.699300699301,6.99300699301,4.8951048951,3.4965034965,3.4965034965,0.699300699301,10.4895104895,2.0979020979,3.4965034965,9.09090909091,2.7972027972,1.3986013986,5.59440559441,2.7972027972,6.99300699301,12.5874125874,1.3986013986,2.0979020979,6.99300699301
11.8518518519,3.7037037037,4.44444444444,5.18518518519,3.7037037037,1.48148148148,2.22222222222,12.5925925926,1.48148148148,6.66666666667,6.66666666667,1.48148148148,2.96296296296,4.44444444444,1.48148148148,14.0740740741,8.14814814815,1.48148148148,2.96296296296,2.96296296296
11.7647058824,5.14705882353,5.88235294118,5.14705882353,3.67647058824,3.67647058824,2.20588235294,13.9705882353,2.20588235294,5.14705882353,5.88235294118,1.47058823529,3.67647058824,2.20588235294,2.94117647059,7.35294117647,5.88235294118,2.20588235294,3.67647058824,5.88235294118
6.35838150289,5.78034682081,2.8901734104,6.35838150289,2.31213872832,3.46820809249,6.93641618497,5.78034682081,0.578034682081,5.78034682081,7.51445086705,2.31213872832,3.46820809249,5.20231213873,8.67052023121,5.78034682081,7.51445086705,2.8901734104,2.31213872832,8.09248554913
13.0434782609,1.44927536232,7.24637681159,3.6231884058,2.89855072464,5.79710144928,1.44927536232,15.2173913043,2.17391304348,5.07246376812,7.97101449275,1.44927536232,2.17391304348,2.17391304348,1.44927536232,10.1449275362,5.07246376812,2.17391304348,2.89855072464,6.52173913043
11.4285714286,2.14285714286,6.42857142857,6.42857142857,2.85714285714,3.57142857143,2.14285714286,10.0,1.42857142857,4.28571428571,10.7142857143,2.14285714286,1.42857142857,4.28571428571,3.57142857143,7.85714285714,7.14285714286,1.42857142857,2.14285714286,8.57142857143
12.4137931034,4.13793103448,8.27586206897,4.8275862069,2.75862068966,2.75862068966,2.06896551724,10.3448275862,1.37931034483,2.06896551724,7.58620689655,2.06896551724,3.44827586207,4.8275862069,3.44827586207,4.8275862069,8.96551724138,1.37931034483,3.44827586207,8.96551724138
12.5,6.94444444444,4.16666666667,4.86111111111,2.77777777778,0.694444444444,1.38888888889,11.8055555556,1.38888888889,3.47222222222,10.4166666667,2.77777777778,1.38888888889,4.16666666667,3.47222222222,6.25,9.72222222222,0.694444444444,3.47222222222,7.63888888889
10.7142857143,2.85714285714,7.14285714286,4.28571428571,2.85714285714,3.57142857143,1.42857142857,10.7142857143,0.714285714286,4.28571428571,9.28571428571,3.57142857143,1.42857142857,3.57142857143,2.85714285714,7.85714285714,9.28571428571,1.42857142857,2.85714285714,9.28571428571
15.3846153846,2.0979020979,7.69230769231,2.7972027972,3.4965034965,3.4965034965,0.0,11.1888111888,0.699300699301,6.29370629371,6.99300699301,1.3986013986,2.0979020979,6.29370629371,2.7972027972,6.99300699301,10.4895104895,0.699300699301,0.699300699301,8.39160839161
11.6788321168,2.1897810219,4.3795620438,4.3795620438,2.9197080292,2.1897810219,0.729927007299,8.75912408759,1.4598540146,3.6496350365,8.02919708029,7.29927007299,2.1897810219,2.9197080292,5.83941605839,13.1386861314,5.83941605839,2.1897810219,2.9197080292,7.29927007299
17.7304964539,2.12765957447,7.09219858156,4.25531914894,3.54609929078,3.54609929078,1.41843971631,9.92907801418,0.709219858156,3.54609929078,8.51063829787,2.12765957447,1.41843971631,6.3829787234,2.83687943262,7.09219858156,8.51063829787,1.41843971631,0.709219858156,7.09219858156
10.4895104895,2.7972027972,8.39160839161,4.8951048951,3.4965034965,2.7972027972,0.0,9.79020979021,0.699300699301,4.8951048951,9.09090909091,0.699300699301,2.0979020979,6.99300699301,4.1958041958,8.39160839161,13.2867132867,0.699300699301,0.699300699301,5.59440559441
16.3120567376,0.709219858156,5.67375886525,2.83687943262,2.83687943262,2.83687943262,3.54609929078,9.92907801418,0.0,2.12765957447,10.6382978723,1.41843971631,3.54609929078,3.54609929078,2.12765957447,6.3829787234,11.3475177305,1.41843971631,4.25531914894,8.51063829787
11.5107913669,0.0,6.47482014388,3.59712230216,2.87769784173,5.03597122302,0.0,12.9496402878,0.719424460432,3.59712230216,10.071942446,2.15827338129,2.15827338129,3.59712230216,2.87769784173,7.91366906475,12.2302158273,2.15827338129,2.87769784173,7.19424460432
10.7142857143,1.42857142857,5.71428571429,3.57142857143,2.85714285714,4.28571428571,0.714285714286,10.7142857143,1.42857142857,5.0,9.28571428571,2.14285714286,1.42857142857,7.14285714286,5.0,10.0,10.0,0.714285714286,0.714285714286,7.14285714286
11.1111111111,1.48148148148,7.40740740741,6.66666666667,2.96296296296,1.48148148148,1.48148148148,9.62962962963,0.740740740741,3.7037037037,7.40740740741,5.18518518519,1.48148148148,5.18518518519,3.7037037037,9.62962962963,9.62962962963,0.740740740741,2.96296296296,7.40740740741
13.768115942,5.79710144928,6.52173913043,3.6231884058,2.89855072464,5.79710144928,1.44927536232,11.5942028986,0.0,2.17391304348,8.69565217391,0.0,2.17391304348,2.89855072464,3.6231884058,9.42028985507,7.97101449275,1.44927536232,2.89855072464,7.24637681159
12.5925925926,2.22222222222,6.66666666667,5.18518518519,2.96296296296,2.96296296296,1.48148148148,11.8518518519,1.48148148148,5.18518518519,8.14814814815,3.7037037037,2.22222222222,3.7037037037,3.7037037037,11.8518518519,5.18518518519,1.48148148148,2.96296296296,4.44444444444
14.4927536232,5.79710144928,5.79710144928,4.34782608696,2.89855072464,5.79710144928,1.44927536232,11.5942028986,0.0,2.17391304348,8.69565217391,0.0,2.17391304348,2.17391304348,3.6231884058,9.42028985507,7.24637681159,1.44927536232,2.89855072464,7.97101449275
13.768115942,5.79710144928,6.52173913043,3.6231884058,2.89855072464,5.79710144928,1.44927536232,11.5942028986,0.0,2.17391304348,8.69565217391,0.0,2.17391304348,2.89855072464,3.6231884058,9.42028985507,7.97101449275,1.44927536232,2.89855072464,7.24637681159
8.63636363636,3.63636363636,6.81818181818,5.0,3.63636363636,1.81818181818,2.72727272727,10.0,1.81818181818,5.90909090909,9.54545454545,1.81818181818,2.27272727273,1.36363636364,5.90909090909,9.54545454545,5.0,1.81818181818,5.0,7.72727272727
15.0,5.71428571429,8.57142857143,4.28571428571,2.85714285714,1.42857142857,3.57142857143,10.0,0.714285714286,4.28571428571,8.57142857143,0.0,1.42857142857,2.14285714286,3.57142857143,7.85714285714,5.71428571429,2.85714285714,2.14285714286,9.28571428571
3.93700787402,3.93700787402,4.72440944882,7.08661417323,2.36220472441,2.36220472441,6.29921259843,11.811023622,0.787401574803,3.14960629921,9.44881889764,4.72440944882,3.14960629921,3.93700787402,3.93700787402,6.29921259843,7.87401574803,3.14960629921,3.93700787402,7.08661417323
10.5555555556,1.66666666667,5.55555555556,5.55555555556,2.77777777778,4.44444444444,1.66666666667,6.66666666667,0.555555555556,3.88888888889,6.66666666667,2.77777777778,1.66666666667,2.22222222222,6.66666666667,11.6666666667,10.0,1.11111111111,5.0,8.88888888889
12.5,0.694444444444,4.86111111111,6.25,2.77777777778,2.08333333333,4.16666666667,8.33333333333,1.38888888889,4.16666666667,9.72222222222,4.86111111111,0.694444444444,2.77777777778,1.38888888889,9.02777777778,10.4166666667,0.694444444444,5.55555555556,7.63888888889
13.8686131387,2.9197080292,5.10948905109,7.29927007299,2.9197080292,6.56934306569,2.9197080292,10.2189781022,1.4598540146,7.29927007299,8.75912408759,2.9197080292,1.4598540146,0.729927007299,2.1897810219,5.83941605839,7.29927007299,2.1897810219,2.9197080292,5.10948905109
14.4927536232,4.34782608696,6.52173913043,7.24637681159,2.89855072464,5.79710144928,0.724637681159,8.69565217391,2.17391304348,7.97101449275,7.97101449275,2.89855072464,1.44927536232,1.44927536232,2.17391304348,6.52173913043,7.24637681159,2.17391304348,2.89855072464,4.34782608696
12.3188405797,3.6231884058,6.52173913043,7.24637681159,2.89855072464,5.79710144928,2.89855072464,8.69565217391,1.44927536232,8.69565217391,8.69565217391,0.724637681159,1.44927536232,2.17391304348,2.89855072464,7.24637681159,7.24637681159,2.17391304348,2.17391304348,5.07246376812
13.8686131387,3.6496350365,5.83941605839,7.29927007299,2.9197080292,6.56934306569,2.9197080292,10.2189781022,1.4598540146,8.02919708029,8.75912408759,1.4598540146,1.4598540146,0.729927007299,2.1897810219,5.83941605839,7.29927007299,2.1897810219,2.9197080292,4.3795620438
10.3626943005,6.21761658031,6.21761658031,6.21761658031,2.59067357513,2.59067357513,4.14507772021,9.84455958549,3.10880829016,7.25388601036,5.18134715026,2.0725388601,3.10880829016,2.0725388601,2.59067357513,8.80829015544,6.73575129534,3.10880829016,2.0725388601,5.69948186528
14.4927536232,3.6231884058,6.52173913043,7.24637681159,2.89855072464,5.07246376812,1.44927536232,8.69565217391,2.17391304348,7.97101449275,7.97101449275,3.6231884058,1.44927536232,2.17391304348,2.17391304348,6.52173913043,7.24637681159,2.17391304348,2.17391304348,4.34782608696
8.77616747182,5.07246376812,3.46215780998,5.23349436393,1.52979066023,3.30112721417,4.99194847021,6.68276972625,1.61030595813,7.97101449275,9.17874396135,4.9114331723,1.93236714976,5.07246376812,4.66988727858,8.05152979066,6.1191626409,1.77133655395,2.17391304348,7.48792270531
13.8686131387,3.6496350365,5.10948905109,7.29927007299,2.9197080292,6.56934306569,2.9197080292,10.2189781022,1.4598540146,8.02919708029,8.75912408759,2.1897810219,1.4598540146,0.729927007299,2.1897810219,5.83941605839,7.29927007299,2.1897810219,2.9197080292,4.3795620438
6.49350649351,3.24675324675,5.84415584416,7.14285714286,3.8961038961,1.94805194805,4.54545454545,7.14285714286,0.0,4.54545454545,11.038961039,5.19480519481,1.94805194805,3.24675324675,5.84415584416,7.79220779221,7.14285714286,1.94805194805,3.24675324675,7.79220779221
11.5942028986,4.34782608696,6.52173913043,7.24637681159,2.89855072464,5.07246376812,0.724637681159,10.1449275362,2.89855072464,8.69565217391,7.24637681159,3.6231884058,2.17391304348,2.17391304348,1.44927536232,5.79710144928,8.69565217391,2.17391304348,2.17391304348,4.34782608696
9.51276102088,5.72312451663,3.78963650425,5.02706883217,1.93348801237,3.63495746326,4.02165506574,6.88321732405,2.39752513534,7.42459396752,10.3634957463,2.86156225831,2.47486465584,4.6403712297,5.33642691415,7.11523588554,5.72312451663,2.01082753287,3.0935808198,6.03248259861
11.5942028986,4.34782608696,7.24637681159,6.52173913043,2.89855072464,5.79710144928,0.724637681159,9.42028985507,2.17391304348,8.69565217391,7.24637681159,2.17391304348,2.17391304348,2.17391304348,1.44927536232,6.52173913043,8.69565217391,2.17391304348,2.17391304348,5.79710144928
13.9072847682,3.97350993377,6.62251655629,5.96026490066,2.64900662252,5.29801324503,0.0,9.27152317881,2.64900662252,9.27152317881,7.28476821192,3.31125827815,1.32450331126,1.98675496689,2.64900662252,7.28476821192,7.28476821192,1.98675496689,3.31125827815,3.97350993377
6.52920962199,7.21649484536,4.46735395189,6.52920962199,2.40549828179,3.09278350515,4.46735395189,8.5910652921,1.37457044674,3.78006872852,9.27835051546,5.49828178694,1.37457044674,3.43642611684,6.52920962199,8.5910652921,5.15463917526,2.74914089347,2.74914089347,6.18556701031
10.9375,4.6875,3.125,1.5625,1.5625,3.125,4.6875,12.5,1.5625,3.125,14.0625,3.125,3.125,3.125,1.5625,6.25,12.5,0.0,3.125,6.25
8.88030888031,0.772200772201,5.01930501931,2.3166023166,1.9305019305,1.9305019305,1.1583011583,7.33590733591,0.772200772201,2.3166023166,4.6332046332,3.0888030888,1.9305019305,3.0888030888,13.1274131274,18.5328185328,11.9691119691,1.9305019305,5.40540540541,3.861003861
12.380952381,0.0,7.61904761905,3.80952380952,3.80952380952,2.85714285714,2.85714285714,9.52380952381,0.952380952381,1.90476190476,5.71428571429,4.7619047619,1.90476190476,3.80952380952,6.66666666667,6.66666666667,8.57142857143,1.90476190476,2.85714285714,11.4285714286
8.84615384615,0.769230769231,5.0,2.30769230769,1.92307692308,1.92307692308,0.769230769231,7.69230769231,0.769230769231,2.30769230769,4.61538461538,3.07692307692,1.92307692308,3.07692307692,12.6923076923,18.8461538462,12.3076923077,1.92307692308,5.38461538462,3.84615384615
13.0434782609,1.44927536232,7.97101449275,5.07246376812,2.89855072464,2.89855072464,2.89855072464,9.42028985507,0.724637681159,2.17391304348,8.69565217391,1.44927536232,2.17391304348,3.6231884058,2.89855072464,8.69565217391,10.8695652174,1.44927536232,2.17391304348,9.42028985507
7.83410138249,1.38248847926,5.99078341014,6.45161290323,2.76497695853,3.6866359447,3.22580645161,10.1382488479,2.30414746544,6.91244239631,5.99078341014,5.99078341014,1.84331797235,0.460829493088,4.14746543779,9.67741935484,5.99078341014,1.84331797235,5.06912442396,8.29493087558
11.7647058824,4.41176470588,5.14705882353,8.08823529412,3.67647058824,3.67647058824,1.47058823529,13.2352941176,0.735294117647,5.14705882353,5.14705882353,2.94117647059,4.41176470588,2.94117647059,3.67647058824,7.35294117647,5.88235294118,2.20588235294,2.20588235294,5.88235294118
14.4736842105,0.657894736842,6.57894736842,4.60526315789,2.63157894737,2.63157894737,2.63157894737,9.86842105263,0.657894736842,5.92105263158,7.23684210526,3.28947368421,1.31578947368,3.94736842105,4.60526315789,7.89473684211,9.21052631579,0.657894736842,3.28947368421,7.89473684211
15.7894736842,1.31578947368,6.57894736842,4.60526315789,2.63157894737,2.63157894737,1.97368421053,11.1842105263,0.657894736842,5.26315789474,7.89473684211,2.63157894737,1.31578947368,3.28947368421,3.94736842105,8.55263157895,7.89473684211,0.657894736842,3.94736842105,7.23684210526
8.69565217391,5.07246376812,3.6231884058,5.79710144928,2.89855072464,5.07246376812,2.17391304348,14.4927536232,2.17391304348,5.79710144928,7.24637681159,2.17391304348,1.44927536232,2.17391304348,2.17391304348,10.1449275362,4.34782608696,2.17391304348,3.6231884058,8.69565217391
12.3376623377,3.8961038961,7.14285714286,3.8961038961,3.8961038961,3.24675324675,1.94805194805,7.79220779221,1.2987012987,9.09090909091,7.79220779221,1.94805194805,1.94805194805,5.19480519481,3.24675324675,14.2857142857,4.54545454545,1.2987012987,1.94805194805,3.24675324675
12.0,7.2,5.6,8.0,3.2,2.4,3.2,12.8,0.8,4.0,7.2,2.4,1.6,3.2,4.8,6.4,4.0,2.4,2.4,6.4
11.7647058824,4.41176470588,4.41176470588,8.08823529412,3.67647058824,3.67647058824,1.47058823529,13.2352941176,0.735294117647,5.14705882353,5.14705882353,2.94117647059,4.41176470588,2.94117647059,3.67647058824,8.08823529412,5.88235294118,2.20588235294,2.20588235294,5.88235294118
11.7647058824,4.41176470588,5.14705882353,8.08823529412,3.67647058824,2.94117647059,1.47058823529,13.2352941176,0.735294117647,5.14705882353,5.14705882353,3.67647058824,4.41176470588,2.94117647059,3.67647058824,7.35294117647,5.88235294118,2.20588235294,2.20588235294,5.88235294118
11.7647058824,4.41176470588,5.14705882353,7.35294117647,3.67647058824,2.94117647059,2.20588235294,13.2352941176,0.735294117647,5.14705882353,5.14705882353,3.67647058824,4.41176470588,2.94117647059,3.67647058824,7.35294117647,5.88235294118,2.20588235294,2.20588235294,5.88235294118
11.7647058824,3.67647058824,5.14705882353,8.08823529412,3.67647058824,2.94117647059,1.47058823529,13.2352941176,0.735294117647,5.14705882353,5.14705882353,4.41176470588,4.41176470588,2.94117647059,3.67647058824,7.35294117647,5.88235294118,2.20588235294,2.20588235294,5.88235294118
11.5942028986,2.89855072464,7.97101449275,5.07246376812,2.89855072464,5.79710144928,2.17391304348,12.3188405797,0.0,6.52173913043,6.52173913043,1.44927536232,2.17391304348,2.89855072464,2.17391304348,7.97101449275,9.42028985507,2.17391304348,3.6231884058,4.34782608696
10.4166666667,0.0,5.55555555556,7.63888888889,2.77777777778,2.08333333333,4.86111111111,8.33333333333,2.08333333333,2.08333333333,9.02777777778,4.86111111111,0.694444444444,4.16666666667,0.694444444444,7.63888888889,13.8888888889,0.694444444444,4.16666666667,8.33333333333
11.9718309859,0.704225352113,5.6338028169,5.6338028169,2.81690140845,2.81690140845,1.40845070423,9.85915492958,1.40845070423,4.92957746479,10.5633802817,0.704225352113,2.11267605634,2.81690140845,6.33802816901,9.15492957746,8.45070422535,1.40845070423,4.22535211268,7.04225352113
11.2676056338,2.11267605634,7.04225352113,4.22535211268,2.81690140845,2.81690140845,1.40845070423,8.45070422535,0.704225352113,3.52112676056,11.9718309859,1.40845070423,2.11267605634,3.52112676056,7.74647887324,9.85915492958,8.45070422535,1.40845070423,2.81690140845,6.33802816901
13.0136986301,0.684931506849,4.79452054795,2.05479452055,2.7397260274,2.05479452055,4.1095890411,8.90410958904,0.684931506849,2.7397260274,6.16438356164,1.3698630137,2.7397260274,4.79452054795,4.79452054795,8.21917808219,15.0684931507,2.7397260274,4.1095890411,8.21917808219
11.8055555556,1.38888888889,4.86111111111,2.77777777778,2.77777777778,2.08333333333,3.47222222222,9.72222222222,0.0,1.38888888889,9.02777777778,0.694444444444,1.38888888889,4.16666666667,4.16666666667,10.4166666667,15.2777777778,1.38888888889,4.86111111111,8.33333333333
9.45945945946,1.35135135135,6.75675675676,4.72972972973,2.7027027027,2.7027027027,2.02702702703,8.78378378378,0.675675675676,1.35135135135,10.8108108108,2.7027027027,1.35135135135,3.37837837838,6.08108108108,10.1351351351,9.45945945946,0.675675675676,4.72972972973,10.1351351351
11.1888111888,1.3986013986,9.09090909091,2.7972027972,2.7972027972,3.4965034965,1.3986013986,9.79020979021,0.699300699301,2.7972027972,9.09090909091,6.99300699301,2.0979020979,3.4965034965,3.4965034965,9.09090909091,7.69230769231,1.3986013986,2.7972027972,8.39160839161
10.4895104895,2.0979020979,6.29370629371,5.59440559441,2.7972027972,3.4965034965,0.699300699301,7.69230769231,0.699300699301,4.8951048951,9.09090909091,2.0979020979,2.0979020979,5.59440559441,5.59440559441,11.8881118881,10.4895104895,1.3986013986,2.0979020979,4.8951048951
9.79020979021,0.699300699301,6.29370629371,3.4965034965,2.7972027972,5.59440559441,2.7972027972,9.79020979021,0.0,3.4965034965,7.69230769231,2.7972027972,1.3986013986,4.1958041958,3.4965034965,7.69230769231,11.1888111888,0.699300699301,5.59440559441,10.4895104895
8.33333333333,0.0,5.55555555556,4.86111111111,2.77777777778,3.47222222222,2.08333333333,10.4166666667,0.694444444444,1.38888888889,8.33333333333,2.08333333333,2.08333333333,5.55555555556,5.55555555556,6.94444444444,15.2777777778,2.08333333333,3.47222222222,9.02777777778
8.10810810811,1.35135135135,4.05405405405,5.40540540541,2.7027027027,2.7027027027,2.7027027027,10.1351351351,1.35135135135,2.02702702703,12.1621621622,2.02702702703,2.7027027027,2.7027027027,5.40540540541,6.08108108108,13.5135135135,0.675675675676,6.08108108108,8.10810810811
8.33333333333,0.694444444444,6.25,8.33333333333,2.77777777778,0.694444444444,2.77777777778,8.33333333333,0.0,3.47222222222,11.8055555556,6.94444444444,1.38888888889,2.77777777778,2.77777777778,13.8888888889,8.33333333333,1.38888888889,4.16666666667,4.86111111111
11.4285714286,1.42857142857,7.14285714286,4.28571428571,3.57142857143,2.14285714286,2.85714285714,8.57142857143,0.0,2.85714285714,11.4285714286,2.14285714286,1.42857142857,5.71428571429,3.57142857143,9.28571428571,8.57142857143,0.714285714286,5.71428571429,7.14285714286
12.3966942149,0.826446280992,7.43801652893,4.95867768595,4.13223140496,1.65289256198,3.30578512397,9.09090909091,0.0,3.30578512397,9.09090909091,3.30578512397,1.65289256198,3.30578512397,4.13223140496,11.5702479339,8.26446280992,0.826446280992,4.95867768595,5.78512396694
10.4166666667,1.38888888889,4.86111111111,4.16666666667,2.77777777778,2.08333333333,3.47222222222,11.1111111111,0.0,4.16666666667,8.33333333333,2.08333333333,2.08333333333,2.77777777778,4.86111111111,9.02777777778,13.1944444444,2.08333333333,3.47222222222,7.63888888889
10.0,0.714285714286,6.42857142857,4.28571428571,4.28571428571,2.14285714286,3.57142857143,8.57142857143,0.0,2.85714285714,10.7142857143,2.14285714286,2.14285714286,5.0,4.28571428571,12.8571428571,7.85714285714,0.714285714286,5.71428571429,5.71428571429
12.1428571429,0.714285714286,7.14285714286,5.71428571429,3.57142857143,2.14285714286,2.85714285714,7.85714285714,0.0,3.57142857143,10.7142857143,2.85714285714,2.14285714286,5.0,4.28571428571,8.57142857143,7.85714285714,0.714285714286,5.71428571429,6.42857142857
10.7438016529,1.65289256198,7.43801652893,4.95867768595,4.13223140496,1.65289256198,3.30578512397,8.26446280992,0.0,3.30578512397,9.09090909091,3.30578512397,1.65289256198,4.13223140496,4.13223140496,9.9173553719,10.7438016529,0.826446280992,4.95867768595,5.78512396694
10.7843137255,0.980392156863,8.82352941176,3.92156862745,2.94117647059,1.96078431373,2.94117647059,8.82352941176,0.0,3.92156862745,9.80392156863,3.92156862745,2.94117647059,1.96078431373,4.90196078431,12.7450980392,8.82352941176,0.980392156863,3.92156862745,4.90196078431
7.85714285714,5.71428571429,3.57142857143,3.57142857143,6.42857142857,4.28571428571,2.14285714286,6.42857142857,2.14285714286,2.14285714286,12.8571428571,5.0,3.57142857143,7.14285714286,5.71428571429,6.42857142857,5.71428571429,1.42857142857,2.85714285714,5.0
12.987012987,1.94805194805,6.49350649351,4.54545454545,3.24675324675,2.5974025974,2.5974025974,7.14285714286,0.649350649351,3.8961038961,8.44155844156,1.94805194805,1.2987012987,4.54545454545,3.24675324675,10.3896103896,12.3376623377,1.2987012987,3.8961038961,6.49350649351
10.7438016529,0.826446280992,7.43801652893,4.95867768595,4.13223140496,1.65289256198,3.30578512397,9.09090909091,0.0,3.30578512397,9.09090909091,3.30578512397,1.65289256198,4.13223140496,4.13223140496,11.5702479339,8.26446280992,0.826446280992,4.95867768595,6.61157024793
9.02777777778,0.694444444444,6.94444444444,4.16666666667,2.77777777778,3.47222222222,4.16666666667,9.72222222222,0.0,3.47222222222,11.1111111111,1.38888888889,1.38888888889,4.16666666667,2.77777777778,11.1111111111,11.1111111111,0.694444444444,5.55555555556,6.25
12.8571428571,1.42857142857,7.14285714286,4.28571428571,4.28571428571,2.14285714286,2.85714285714,7.85714285714,0.0,2.85714285714,10.0,2.85714285714,2.14285714286,5.71428571429,5.0,8.57142857143,7.85714285714,0.714285714286,5.0,6.42857142857
14.6853146853,0.699300699301,7.69230769231,4.1958041958,2.7972027972,3.4965034965,2.0979020979,9.79020979021,0.699300699301,3.4965034965,8.39160839161,2.0979020979,0.699300699301,6.29370629371,2.7972027972,8.39160839161,11.8881118881,1.3986013986,2.0979020979,6.29370629371
11.7283950617,5.55555555556,5.55555555556,5.55555555556,2.46913580247,5.55555555556,1.23456790123,10.4938271605,0.617283950617,5.55555555556,8.02469135802,1.85185185185,1.85185185185,5.55555555556,3.08641975309,11.1111111111,4.32098765432,2.46913580247,1.23456790123,6.17283950617
13.1386861314,5.10948905109,6.56934306569,5.83941605839,2.9197080292,5.83941605839,0.729927007299,12.4087591241,0.0,5.10948905109,7.29927007299,0.0,2.1897810219,4.3795620438,3.6496350365,10.9489051095,3.6496350365,2.9197080292,1.4598540146,5.83941605839
11.3475177305,0.709219858156,8.51063829787,4.25531914894,2.83687943262,3.54609929078,2.12765957447,11.3475177305,0.709219858156,7.80141843972,7.09219858156,1.41843971631,0.709219858156,6.3829787234,2.83687943262,7.80141843972,8.51063829787,0.709219858156,2.12765957447,9.21985815603
13.7931034483,0.689655172414,6.89655172414,4.13793103448,2.75862068966,3.44827586207,4.13793103448,8.96551724138,0.0,5.51724137931,7.58620689655,0.689655172414,1.37931034483,3.44827586207,4.13793103448,8.96551724138,10.3448275862,1.37931034483,4.13793103448,7.58620689655
11.6438356164,0.684931506849,7.53424657534,4.1095890411,2.7397260274,2.05479452055,0.684931506849,8.21917808219,1.3698630137,3.42465753425,6.16438356164,2.05479452055,1.3698630137,7.53424657534,4.79452054795,10.2739726027,13.0136986301,1.3698630137,2.7397260274,8.21917808219
11.9718309859,0.704225352113,4.22535211268,4.92957746479,2.81690140845,0.704225352113,4.22535211268,9.85915492958,0.0,0.704225352113,11.2676056338,1.40845070423,2.11267605634,4.92957746479,2.11267605634,9.15492957746,14.7887323944,0.704225352113,4.22535211268,9.15492957746
12.676056338,0.0,7.04225352113,2.11267605634,2.81690140845,2.81690140845,3.52112676056,9.85915492958,0.0,4.22535211268,9.15492957746,2.11267605634,2.11267605634,3.52112676056,4.22535211268,7.74647887324,12.676056338,1.40845070423,3.52112676056,8.45070422535
12.8205128205,1.7094017094,5.98290598291,5.98290598291,3.4188034188,5.12820512821,0.854700854701,12.8205128205,0.854700854701,4.2735042735,8.54700854701,0.854700854701,0.0,5.98290598291,3.4188034188,6.83760683761,10.2564102564,0.854700854701,1.7094017094,7.69230769231
8.69565217391,2.17391304348,7.97101449275,3.6231884058,2.17391304348,2.17391304348,1.44927536232,10.1449275362,2.89855072464,5.79710144928,10.1449275362,2.17391304348,1.44927536232,7.24637681159,4.34782608696,7.24637681159,10.1449275362,1.44927536232,4.34782608696,4.34782608696
17.9104477612,2.23880597015,7.46268656716,3.73134328358,2.98507462687,2.23880597015,2.98507462687,9.70149253731,0.0,3.73134328358,6.71641791045,1.49253731343,1.49253731343,4.4776119403,4.4776119403,7.46268656716,10.447761194,0.746268656716,2.23880597015,7.46268656716
16.2162162162,2.7027027027,7.43243243243,4.72972972973,3.37837837838,2.7027027027,1.35135135135,8.78378378378,2.7027027027,3.37837837838,10.1351351351,2.7027027027,0.675675675676,5.40540540541,3.37837837838,6.08108108108,9.45945945946,1.35135135135,1.35135135135,6.08108108108
13.0136986301,0.684931506849,8.21917808219,3.42465753425,2.7397260274,4.1095890411,2.05479452055,9.58904109589,1.3698630137,4.1095890411,8.90410958904,2.7397260274,0.684931506849,5.47945205479,3.42465753425,8.90410958904,11.6438356164,1.3698630137,2.05479452055,5.47945205479
13.9240506329,0.84388185654,2.53164556962,3.37552742616,1.68776371308,3.79746835443,1.26582278481,8.4388185654,0.42194092827,4.2194092827,6.32911392405,1.68776371308,0.42194092827,3.37552742616,7.17299578059,11.8143459916,18.1434599156,0.42194092827,0.42194092827,9.70464135021
19.0476190476,2.04081632653,6.80272108844,3.40136054422,2.72108843537,2.04081632653,2.72108843537,8.16326530612,0.680272108844,4.08163265306,8.16326530612,2.04081632653,0.680272108844,5.44217687075,4.08163265306,8.84353741497,9.52380952381,1.36054421769,0.680272108844,7.48299319728
14.3835616438,0.684931506849,7.53424657534,4.79452054795,3.42465753425,1.3698630137,2.7397260274,7.53424657534,0.0,3.42465753425,9.58904109589,1.3698630137,2.05479452055,4.1095890411,3.42465753425,10.2739726027,12.3287671233,0.684931506849,4.79452054795,5.47945205479
8.90410958904,0.0,8.21917808219,3.42465753425,2.7397260274,0.684931506849,5.47945205479,8.21917808219,0.0,4.79452054795,8.21917808219,2.05479452055,1.3698630137,6.84931506849,4.79452054795,9.58904109589,11.6438356164,2.05479452055,3.42465753425,7.53424657534
9.09090909091,0.606060606061,9.09090909091,3.63636363636,2.42424242424,2.42424242424,1.21212121212,9.09090909091,1.81818181818,3.63636363636,8.48484848485,3.0303030303,1.21212121212,7.27272727273,4.84848484848,8.48484848485,11.5151515152,1.21212121212,3.63636363636,7.27272727273
11.5384615385,2.5641025641,10.2564102564,3.84615384615,3.84615384615,3.84615384615,5.12820512821,7.69230769231,0.0,3.84615384615,7.69230769231,2.5641025641,2.5641025641,1.28205128205,0.0,8.97435897436,12.8205128205,2.5641025641,2.5641025641,6.41025641026
13.475177305,0.709219858156,3.54609929078,4.96453900709,2.83687943262,1.41843971631,4.25531914894,9.92907801418,0.0,1.41843971631,10.6382978723,1.41843971631,2.12765957447,2.83687943262,2.12765957447,7.80141843972,14.1843971631,1.41843971631,4.25531914894,10.6382978723
12.5,1.31578947368,6.57894736842,6.57894736842,2.63157894737,1.97368421053,2.63157894737,9.21052631579,0.657894736842,5.92105263158,6.57894736842,5.92105263158,1.97368421053,4.60526315789,5.26315789474,5.92105263158,8.55263157895,1.31578947368,3.94736842105,5.92105263158
14.6853146853,0.699300699301,6.29370629371,1.3986013986,2.7972027972,4.8951048951,0.699300699301,10.4895104895,0.699300699301,4.8951048951,7.69230769231,2.7972027972,2.0979020979,2.7972027972,4.1958041958,7.69230769231,11.1888111888,1.3986013986,4.1958041958,8.39160839161
11.1888111888,0.699300699301,6.29370629371,2.7972027972,3.4965034965,3.4965034965,0.699300699301,11.8881118881,0.699300699301,4.8951048951,10.4895104895,4.1958041958,0.699300699301,4.8951048951,2.7972027972,6.29370629371,9.09090909091,0.699300699301,4.1958041958,10.4895104895
11.4093959732,2.01342281879,3.35570469799,6.04026845638,2.68456375839,2.01342281879,2.68456375839,8.05369127517,0.0,4.02684563758,8.05369127517,3.35570469799,2.68456375839,4.02684563758,5.36912751678,11.4093959732,10.067114094,0.671140939597,5.36912751678,6.71140939597
12.5,0.694444444444,5.55555555556,3.47222222222,2.77777777778,1.38888888889,4.86111111111,11.1111111111,0.0,4.16666666667,6.94444444444,2.08333333333,2.08333333333,3.47222222222,3.47222222222,9.02777777778,12.5,2.08333333333,3.47222222222,8.33333333333
5.59440559441,2.0979020979,5.59440559441,6.29370629371,3.4965034965,5.59440559441,3.4965034965,8.39160839161,0.699300699301,1.3986013986,10.4895104895,0.699300699301,1.3986013986,3.4965034965,4.1958041958,11.8881118881,9.79020979021,0.699300699301,6.29370629371,8.39160839161
7.58620689655,0.689655172414,4.8275862069,5.51724137931,2.75862068966,3.44827586207,3.44827586207,8.96551724138,0.0,2.06896551724,11.0344827586,1.37931034483,2.06896551724,2.75862068966,2.75862068966,11.724137931,13.7931034483,0.689655172414,6.20689655172,8.27586206897
10.6666666667,2.0,6.66666666667,4.66666666667,4.0,2.66666666667,0.666666666667,4.66666666667,2.66666666667,2.0,9.33333333333,1.33333333333,2.0,6.0,7.33333333333,12.0,6.0,0.666666666667,4.0,10.6666666667
12.925170068,1.36054421769,6.80272108844,3.40136054422,2.72108843537,2.04081632653,1.36054421769,8.16326530612,0.0,4.7619047619,9.52380952381,1.36054421769,0.680272108844,4.08163265306,4.7619047619,10.2040816327,10.2040816327,1.36054421769,4.08163265306,10.2040816327
11.1888111888,0.0,8.39160839161,2.7972027972,2.7972027972,2.0979020979,0.699300699301,9.09090909091,0.0,6.29370629371,8.39160839161,3.4965034965,1.3986013986,5.59440559441,6.29370629371,8.39160839161,11.1888111888,1.3986013986,3.4965034965,6.99300699301
9.92907801418,0.709219858156,4.25531914894,4.96453900709,2.83687943262,1.41843971631,2.83687943262,9.21985815603,0.0,2.83687943262,9.92907801418,2.83687943262,1.41843971631,3.54609929078,1.41843971631,13.475177305,13.475177305,0.709219858156,4.25531914894,9.92907801418
12.676056338,0.704225352113,9.15492957746,3.52112676056,2.81690140845,2.81690140845,0.0,10.5633802817,0.704225352113,4.22535211268,11.2676056338,3.52112676056,1.40845070423,3.52112676056,2.11267605634,9.85915492958,8.45070422535,1.40845070423,2.11267605634,9.15492957746
7.58620689655,1.37931034483,3.44827586207,5.51724137931,2.75862068966,0.689655172414,0.689655172414,10.3448275862,1.37931034483,2.75862068966,6.89655172414,4.8275862069,2.06896551724,4.8275862069,7.58620689655,8.96551724138,13.1034482759,2.06896551724,4.13793103448,8.96551724138
8.57142857143,0.714285714286,7.85714285714,2.85714285714,2.85714285714,2.14285714286,2.85714285714,9.28571428571,0.0,2.14285714286,10.0,2.14285714286,2.14285714286,2.85714285714,4.28571428571,7.14285714286,15.0,0.714285714286,5.0,11.4285714286
10.8333333333,2.5,7.5,4.16666666667,3.33333333333,2.5,0.833333333333,9.16666666667,0.833333333333,6.66666666667,10.0,1.66666666667,0.833333333333,4.16666666667,4.16666666667,11.6666666667,8.33333333333,0.833333333333,2.5,7.5
14.1843971631,1.41843971631,9.92907801418,3.54609929078,2.83687943262,2.83687943262,1.41843971631,8.51063829787,0.709219858156,4.25531914894,9.21985815603,1.41843971631,1.41843971631,5.67375886525,3.54609929078,10.6382978723,9.21985815603,1.41843971631,0.709219858156,7.09219858156
10.4895104895,3.4965034965,7.69230769231,7.69230769231,2.7972027972,2.0979020979,1.3986013986,9.09090909091,0.699300699301,3.4965034965,7.69230769231,1.3986013986,1.3986013986,2.7972027972,4.1958041958,11.8881118881,11.8881118881,1.3986013986,1.3986013986,6.99300699301
9.58904109589,2.05479452055,5.47945205479,4.79452054795,3.42465753425,2.7397260274,3.42465753425,10.2739726027,0.0,4.1095890411,7.53424657534,1.3698630137,1.3698630137,2.7397260274,2.7397260274,12.3287671233,13.0136986301,1.3698630137,5.47945205479,6.16438356164
12.5874125874,0.0,7.69230769231,2.7972027972,2.7972027972,2.7972027972,1.3986013986,7.69230769231,0.699300699301,2.7972027972,9.79020979021,2.7972027972,1.3986013986,5.59440559441,3.4965034965,9.79020979021,13.986013986,1.3986013986,4.1958041958,6.29370629371
12.676056338,0.704225352113,8.45070422535,4.22535211268,2.81690140845,2.81690140845,0.0,9.15492957746,0.704225352113,2.11267605634,10.5633802817,3.52112676056,2.81690140845,3.52112676056,2.11267605634,10.5633802817,9.15492957746,1.40845070423,2.11267605634,10.5633802817
14.0845070423,1.40845070423,6.33802816901,3.52112676056,2.81690140845,4.92957746479,4.22535211268,7.74647887324,1.40845070423,3.52112676056,8.45070422535,1.40845070423,1.40845070423,4.92957746479,3.52112676056,8.45070422535,9.15492957746,0.704225352113,2.11267605634,9.85915492958
9.85915492958,0.704225352113,8.45070422535,3.52112676056,2.81690140845,2.81690140845,0.704225352113,9.85915492958,0.704225352113,2.81690140845,9.85915492958,4.92957746479,2.81690140845,3.52112676056,2.11267605634,9.85915492958,9.85915492958,1.40845070423,2.11267605634,11.2676056338
13.8888888889,0.694444444444,6.94444444444,4.16666666667,2.77777777778,5.55555555556,2.08333333333,9.72222222222,0.694444444444,2.77777777778,7.63888888889,2.08333333333,1.38888888889,5.55555555556,2.08333333333,8.33333333333,12.5,0.694444444444,2.77777777778,7.63888888889
9.79020979021,0.699300699301,7.69230769231,4.8951048951,2.7972027972,4.8951048951,2.0979020979,7.69230769231,0.699300699301,2.0979020979,11.8881118881,1.3986013986,1.3986013986,3.4965034965,4.8951048951,8.39160839161,9.79020979021,0.699300699301,5.59440559441,9.09090909091
11.724137931,0.689655172414,6.20689655172,4.13793103448,2.06896551724,3.44827586207,2.75862068966,8.96551724138,0.0,6.20689655172,8.27586206897,1.37931034483,1.37931034483,2.75862068966,2.75862068966,10.3448275862,14.4827586207,1.37931034483,4.13793103448,6.89655172414
9.15492957746,0.704225352113,7.04225352113,3.52112676056,2.81690140845,2.81690140845,3.52112676056,9.85915492958,0.0,3.52112676056,8.45070422535,2.81690140845,2.11267605634,4.22535211268,3.52112676056,7.04225352113,14.0845070423,1.40845070423,3.52112676056,9.85915492958
12.676056338,0.704225352113,4.22535211268,4.92957746479,2.81690140845,0.704225352113,2.81690140845,9.85915492958,1.40845070423,1.40845070423,11.9718309859,2.81690140845,1.40845070423,4.22535211268,2.81690140845,8.45070422535,14.0845070423,0.704225352113,2.81690140845,9.15492957746
9.70149253731,2.23880597015,6.71641791045,4.4776119403,4.4776119403,1.49253731343,0.746268656716,9.70149253731,0.0,7.46268656716,10.447761194,2.23880597015,1.49253731343,5.97014925373,3.73134328358,8.20895522388,14.1791044776,0.746268656716,1.49253731343,4.4776119403
11.8881118881,2.0979020979,8.39160839161,3.4965034965,2.7972027972,2.7972027972,0.699300699301,9.09090909091,0.0,6.29370629371,10.4895104895,1.3986013986,1.3986013986,2.0979020979,6.29370629371,9.79020979021,10.4895104895,1.3986013986,2.7972027972,6.29370629371
4.05405405405,4.05405405405,4.05405405405,6.75675675676,2.7027027027,2.7027027027,4.72972972973,8.78378378378,0.675675675676,6.08108108108,11.4864864865,4.72972972973,1.35135135135,2.02702702703,5.40540540541,11.4864864865,6.08108108108,2.02702702703,3.37837837838,7.43243243243
10.071942446,2.15827338129,7.91366906475,5.03597122302,2.87769784173,2.15827338129,1.43884892086,12.2302158273,1.43884892086,5.03597122302,7.91366906475,8.63309352518,2.15827338129,0.719424460432,2.15827338129,7.91366906475,6.47482014388,1.43884892086,5.03597122302,7.19424460432
8.55855855856,3.6036036036,5.85585585586,7.65765765766,3.6036036036,1.35135135135,4.95495495495,6.75675675676,2.25225225225,3.6036036036,10.8108108108,3.6036036036,3.15315315315,0.900900900901,4.5045045045,8.10810810811,5.85585585586,1.35135135135,5.85585585586,7.65765765766
