A,R,N,D,C,Q,E,G,H,I,L,K,M,F,P,S,T,W,Y,V
20.0,2.10526315789,2.10526315789,4.21052631579,8.42105263158,7.36842105263,1.05263157895,9.47368421053,0.0,3.15789473684,11.5789473684,3.15789473684,1.05263157895,4.21052631579,9.47368421053,4.21052631579,3.15789473684,0.0,1.05263157895,4.21052631579
15.4639175258,2.0618556701,2.0618556701,6.18556701031,8.24742268041,6.18556701031,2.0618556701,12.3711340206,0.0,6.18556701031,9.27835051546,3.09278350515,1.03092783505,5.15463917526,6.18556701031,3.09278350515,5.15463917526,0.0,0.0,6.18556701031
16.4948453608,2.0618556701,6.18556701031,4.12371134021,8.24742268041,7.21649484536,1.03092783505,9.27835051546,0.0,2.0618556701,9.27835051546,3.09278350515,1.03092783505,5.15463917526,7.21649484536,3.09278350515,4.12371134021,0.0,1.03092783505,9.27835051546
17.4418604651,0.0,2.32558139535,4.6511627907,9.3023255814,4.6511627907,0.0,5.81395348837,1.16279069767,4.6511627907,10.4651162791,4.6511627907,1.16279069767,6.97674418605,5.81395348837,4.6511627907,8.13953488372,0.0,0.0,8.13953488372
14.7058823529,3.92156862745,2.94117647059,5.88235294118,8.82352941176,0.980392156863,0.980392156863,5.88235294118,0.0,4.90196078431,10.7843137255,2.94117647059,0.980392156863,3.92156862745,9.80392156863,6.86274509804,3.92156862745,0.0,0.980392156863,10.7843137255
17.6470588235,3.92156862745,0.0,5.88235294118,8.82352941176,3.92156862745,0.980392156863,5.88235294118,0.980392156863,0.980392156863,10.7843137255,2.94117647059,0.980392156863,4.90196078431,10.7843137255,5.88235294118,2.94117647059,0.980392156863,0.980392156863,9.80392156863
10.1265822785,1.89873417722,15.1898734177,3.16455696203,5.06329113924,2.53164556962,0.0,22.1518987342,0.632911392405,0.632911392405,6.96202531646,0.632911392405,0.632911392405,3.16455696203,8.86075949367,3.79746835443,6.32911392405,0.0,1.89873417722,6.32911392405
13.7254901961,1.96078431373,2.94117647059,3.92156862745,7.8431372549,3.92156862745,2.94117647059,9.80392156863,0.980392156863,3.92156862745,11.7647058824,2.94117647059,0.980392156863,1.96078431373,5.88235294118,6.86274509804,8.82352941176,0.0,0.980392156863,7.8431372549
17.5257731959,4.12371134021,3.09278350515,4.12371134021,8.24742268041,4.12371134021,2.0618556701,8.24742268041,0.0,6.18556701031,8.24742268041,2.0618556701,1.03092783505,3.09278350515,9.27835051546,9.27835051546,2.0618556701,0.0,0.0,7.21649484536
4.93273542601,1.79372197309,3.13901345291,11.2107623318,5.38116591928,1.79372197309,1.79372197309,13.9013452915,4.48430493274,4.48430493274,8.96860986547,4.93273542601,0.896860986547,2.24215246637,13.9013452915,6.7264573991,3.13901345291,0.0,3.58744394619,2.69058295964
12.7272727273,2.72727272727,4.54545454545,9.09090909091,7.27272727273,3.63636363636,2.72727272727,7.27272727273,1.81818181818,3.63636363636,11.8181818182,5.45454545455,0.909090909091,3.63636363636,7.27272727273,1.81818181818,5.45454545455,0.0,1.81818181818,6.36363636364
15.0537634409,0.0,2.15053763441,2.15053763441,8.60215053763,5.37634408602,2.15053763441,11.8279569892,2.15053763441,2.15053763441,10.752688172,3.22580645161,1.0752688172,4.30107526882,9.67741935484,3.22580645161,6.45161290323,0.0,0.0,9.67741935484
14.8936170213,2.12765957447,6.3829787234,3.1914893617,8.51063829787,4.25531914894,2.12765957447,6.3829787234,3.1914893617,2.12765957447,10.6382978723,2.12765957447,1.06382978723,6.3829787234,8.51063829787,5.31914893617,3.1914893617,0.0,1.06382978723,8.51063829787
16.2790697674,0.0,2.32558139535,3.48837209302,9.3023255814,6.97674418605,1.16279069767,9.3023255814,0.0,8.13953488372,6.97674418605,1.16279069767,3.48837209302,5.81395348837,6.97674418605,6.97674418605,4.6511627907,0.0,1.16279069767,5.81395348837
13.9534883721,0.0,3.48837209302,4.6511627907,9.3023255814,6.97674418605,1.16279069767,9.3023255814,0.0,6.97674418605,8.13953488372,1.16279069767,1.16279069767,5.81395348837,6.97674418605,4.6511627907,4.6511627907,0.0,1.16279069767,10.4651162791
9.89010989011,0.0,6.04395604396,7.14285714286,4.94505494505,3.2967032967,1.64835164835,6.59340659341,0.0,7.69230769231,6.59340659341,3.2967032967,0.549450549451,1.64835164835,17.032967033,7.14285714286,2.74725274725,0.0,1.64835164835,12.0879120879
11.320754717,2.83018867925,5.66037735849,4.71698113208,8.49056603774,3.77358490566,0.943396226415,8.49056603774,0.943396226415,2.83018867925,8.49056603774,2.83018867925,0.943396226415,5.66037735849,11.320754717,5.66037735849,4.71698113208,0.0,0.943396226415,9.43396226415
11.2244897959,2.04081632653,3.0612244898,5.10204081633,8.16326530612,6.12244897959,2.04081632653,11.2244897959,0.0,4.08163265306,8.16326530612,3.0612244898,1.02040816327,4.08163265306,7.14285714286,1.02040816327,9.18367346939,0.0,1.02040816327,12.2448979592
13.4831460674,1.12359550562,3.37078651685,3.37078651685,8.98876404494,6.74157303371,3.37078651685,10.1123595506,1.12359550562,2.24719101124,10.1123595506,1.12359550562,1.12359550562,4.49438202247,6.74157303371,4.49438202247,4.49438202247,0.0,1.12359550562,12.3595505618
13.0,3.0,5.0,4.0,8.0,4.0,3.0,9.0,0.0,4.0,14.0,1.0,1.0,3.0,6.0,5.0,7.0,0.0,1.0,9.0
17.0,2.0,4.0,4.0,8.0,5.0,1.0,7.0,0.0,3.0,13.0,3.0,1.0,3.0,9.0,4.0,7.0,0.0,1.0,8.0
13.4020618557,2.0618556701,1.03092783505,4.12371134021,8.24742268041,4.12371134021,3.09278350515,11.3402061856,1.03092783505,7.21649484536,12.3711340206,4.12371134021,2.0618556701,2.0618556701,8.24742268041,5.15463917526,4.12371134021,0.0,2.0618556701,4.12371134021
17.0454545455,0.0,3.40909090909,3.40909090909,9.09090909091,5.68181818182,1.13636363636,7.95454545455,0.0,3.40909090909,9.09090909091,2.27272727273,3.40909090909,3.40909090909,6.81818181818,6.81818181818,6.81818181818,0.0,1.13636363636,9.09090909091
16.3461538462,3.84615384615,1.92307692308,4.80769230769,8.65384615385,3.84615384615,0.961538461538,5.76923076923,1.92307692308,0.961538461538,8.65384615385,5.76923076923,2.88461538462,5.76923076923,9.61538461538,2.88461538462,4.80769230769,0.0,1.92307692308,8.65384615385
12.9032258065,0.0,3.22580645161,1.0752688172,8.60215053763,4.30107526882,1.0752688172,10.752688172,1.0752688172,1.0752688172,8.60215053763,4.30107526882,3.22580645161,4.30107526882,9.67741935484,5.37634408602,8.60215053763,0.0,0.0,11.8279569892
18.085106383,3.1914893617,2.12765957447,6.3829787234,8.51063829787,4.25531914894,1.06382978723,5.31914893617,0.0,2.12765957447,8.51063829787,2.12765957447,1.06382978723,4.25531914894,9.57446808511,6.3829787234,7.44680851064,0.0,0.0,9.57446808511
13.7254901961,0.980392156863,3.92156862745,6.86274509804,7.8431372549,3.92156862745,3.92156862745,6.86274509804,0.980392156863,5.88235294118,12.7450980392,3.92156862745,0.980392156863,2.94117647059,6.86274509804,4.90196078431,5.88235294118,0.0,1.96078431373,4.90196078431
18.0,3.0,6.0,3.0,9.0,5.0,1.0,4.0,0.0,2.0,11.0,2.0,1.0,4.0,11.0,3.0,5.0,0.0,2.0,10.0
12.6126126126,0.900900900901,3.6036036036,8.10810810811,7.20720720721,1.8018018018,5.40540540541,5.40540540541,4.5045045045,5.40540540541,12.6126126126,5.40540540541,0.900900900901,2.7027027027,4.5045045045,8.10810810811,2.7027027027,1.8018018018,2.7027027027,3.6036036036
19.3181818182,0.0,4.54545454545,2.27272727273,9.09090909091,3.40909090909,1.13636363636,9.09090909091,1.13636363636,3.40909090909,10.2272727273,2.27272727273,2.27272727273,5.68181818182,7.95454545455,5.68181818182,6.81818181818,0.0,0.0,5.68181818182
5.78034682081,1.15606936416,1.73410404624,11.5606936416,4.62427745665,1.15606936416,2.31213872832,16.7630057803,0.0,2.8901734104,8.67052023121,4.04624277457,0.578034682081,1.15606936416,13.8728323699,11.5606936416,4.04624277457,0.0,4.04624277457,4.04624277457
14.4329896907,3.09278350515,2.0618556701,6.18556701031,9.27835051546,5.15463917526,1.03092783505,5.15463917526,0.0,3.09278350515,9.27835051546,3.09278350515,1.03092783505,3.09278350515,7.21649484536,7.21649484536,8.24742268041,0.0,0.0,11.3402061856
13.7254901961,0.980392156863,2.94117647059,7.8431372549,7.8431372549,3.92156862745,3.92156862745,7.8431372549,0.980392156863,4.90196078431,13.7254901961,2.94117647059,1.96078431373,2.94117647059,6.86274509804,4.90196078431,5.88235294118,0.0,1.96078431373,3.92156862745
17.4757281553,2.91262135922,0.970873786408,4.85436893204,8.73786407767,2.91262135922,2.91262135922,5.82524271845,0.0,2.91262135922,9.70873786408,2.91262135922,0.970873786408,4.85436893204,10.6796116505,5.82524271845,5.82524271845,0.970873786408,1.94174757282,6.79611650485
15.6862745098,3.92156862745,1.96078431373,4.90196078431,8.82352941176,3.92156862745,0.0,6.86274509804,0.0,2.94117647059,8.82352941176,2.94117647059,0.980392156863,3.92156862745,10.7843137255,8.82352941176,2.94117647059,0.980392156863,0.980392156863,9.80392156863
16.091954023,2.29885057471,4.59770114943,1.14942528736,9.19540229885,5.74712643678,2.29885057471,10.3448275862,1.14942528736,2.29885057471,8.04597701149,1.14942528736,1.14942528736,3.44827586207,5.74712643678,4.59770114943,5.74712643678,0.0,1.14942528736,13.7931034483
11.6279069767,0.0,3.48837209302,4.6511627907,9.3023255814,4.6511627907,4.6511627907,9.3023255814,0.0,5.81395348837,9.3023255814,2.32558139535,1.16279069767,5.81395348837,8.13953488372,6.97674418605,3.48837209302,0.0,0.0,9.3023255814
12.6213592233,2.91262135922,1.94174757282,6.79611650485,8.73786407767,1.94174757282,0.970873786408,5.82524271845,0.970873786408,5.82524271845,9.70873786408,2.91262135922,0.970873786408,4.85436893204,11.6504854369,8.73786407767,3.88349514563,0.0,0.970873786408,7.76699029126
9.25925925926,3.08641975309,6.17283950617,4.32098765432,6.17283950617,3.7037037037,0.0,5.55555555556,3.08641975309,5.55555555556,7.40740740741,4.93827160494,2.46913580247,4.32098765432,6.79012345679,9.87654320988,6.17283950617,0.0,0.617283950617,10.4938271605
6.74846625767,0.0,12.2699386503,3.06748466258,6.13496932515,3.06748466258,1.22699386503,17.1779141104,1.84049079755,3.68098159509,6.13496932515,2.45398773006,1.22699386503,2.45398773006,20.245398773,5.52147239264,2.45398773006,0.0,1.84049079755,2.45398773006
20.0,2.10526315789,1.05263157895,4.21052631579,8.42105263158,3.15789473684,1.05263157895,7.36842105263,0.0,3.15789473684,10.5263157895,2.10526315789,2.10526315789,2.10526315789,6.31578947368,11.5789473684,5.26315789474,0.0,0.0,9.47368421053
16.8421052632,4.21052631579,1.05263157895,6.31578947368,8.42105263158,5.26315789474,2.10526315789,6.31578947368,0.0,2.10526315789,9.47368421053,3.15789473684,2.10526315789,4.21052631579,6.31578947368,7.36842105263,4.21052631579,0.0,1.05263157895,9.47368421053
9.90099009901,1.9801980198,4.9504950495,4.9504950495,7.92079207921,2.9702970297,0.0,10.8910891089,0.0,6.93069306931,7.92079207921,2.9702970297,0.990099009901,4.9504950495,6.93069306931,11.8811881188,5.94059405941,0.0,1.9801980198,5.94059405941
11.4285714286,1.90476190476,3.80952380952,4.7619047619,7.61904761905,2.85714285714,0.0,15.2380952381,0.952380952381,6.66666666667,6.66666666667,2.85714285714,0.952380952381,4.7619047619,7.61904761905,9.52380952381,4.7619047619,0.0,1.90476190476,5.71428571429
9.70873786408,1.94174757282,3.88349514563,5.82524271845,7.76699029126,2.91262135922,0.0,14.5631067961,0.0,6.79611650485,6.79611650485,2.91262135922,0.970873786408,4.85436893204,7.76699029126,8.73786407767,6.79611650485,0.0,1.94174757282,5.82524271845
15.4639175258,2.0618556701,3.09278350515,4.12371134021,8.24742268041,5.15463917526,2.0618556701,9.27835051546,0.0,1.03092783505,12.3711340206,1.03092783505,1.03092783505,4.12371134021,6.18556701031,4.12371134021,7.21649484536,0.0,1.03092783505,12.3711340206
15.7894736842,2.10526315789,3.15789473684,6.31578947368,8.42105263158,3.15789473684,0.0,12.6315789474,1.05263157895,5.26315789474,10.5263157895,2.10526315789,1.05263157895,2.10526315789,6.31578947368,6.31578947368,5.26315789474,0.0,1.05263157895,7.36842105263
7.14285714286,0.246305418719,18.9655172414,2.21674876847,6.4039408867,2.70935960591,0.492610837438,20.9359605911,0.738916256158,0.246305418719,4.67980295567,3.44827586207,0.246305418719,1.2315270936,13.5467980296,6.89655172414,2.95566502463,0.0,0.985221674877,5.91133004926
14.0845070423,0.0,2.81690140845,5.6338028169,11.2676056338,4.22535211268,0.0,7.04225352113,1.40845070423,5.6338028169,9.85915492958,5.6338028169,0.0,4.22535211268,7.04225352113,4.22535211268,8.45070422535,0.0,0.0,8.45070422535
12.2641509434,1.88679245283,5.66037735849,5.66037735849,8.49056603774,4.71698113208,0.0,8.49056603774,0.0,3.77358490566,8.49056603774,3.77358490566,0.943396226415,5.66037735849,10.3773584906,4.71698113208,5.66037735849,0.0,0.943396226415,8.49056603774
6.35451505017,1.33779264214,5.6856187291,3.67892976589,5.01672240803,4.01337792642,1.00334448161,15.7190635452,2.67558528428,2.67558528428,3.67892976589,2.34113712375,0.66889632107,1.67224080268,14.381270903,11.0367892977,10.7023411371,0.0,0.334448160535,7.02341137124
12.9032258065,0.0,4.30107526882,2.15053763441,8.60215053763,4.30107526882,1.0752688172,11.8279569892,1.0752688172,3.22580645161,8.60215053763,4.30107526882,3.22580645161,4.30107526882,9.67741935484,4.30107526882,7.52688172043,0.0,0.0,8.60215053763
11.6279069767,0.0,3.48837209302,1.16279069767,9.3023255814,3.48837209302,1.16279069767,13.9534883721,1.16279069767,1.16279069767,10.4651162791,3.48837209302,2.32558139535,2.32558139535,10.4651162791,4.6511627907,9.3023255814,0.0,0.0,10.4651162791
13.9534883721,0.0,4.6511627907,3.48837209302,9.3023255814,4.6511627907,1.16279069767,10.4651162791,1.16279069767,3.48837209302,9.3023255814,3.48837209302,2.32558139535,2.32558139535,10.4651162791,3.48837209302,8.13953488372,0.0,0.0,8.13953488372
11.6279069767,0.0,2.32558139535,5.81395348837,9.3023255814,5.81395348837,1.16279069767,10.4651162791,2.32558139535,2.32558139535,12.7906976744,3.48837209302,2.32558139535,2.32558139535,9.3023255814,4.6511627907,6.97674418605,0.0,0.0,6.97674418605
12.8205128205,1.28205128205,3.84615384615,3.84615384615,10.2564102564,3.84615384615,0.0,12.8205128205,2.5641025641,2.5641025641,11.5384615385,1.28205128205,1.28205128205,1.28205128205,8.97435897436,5.12820512821,6.41025641026,0.0,1.28205128205,8.97435897436
12.7906976744,0.0,4.6511627907,3.48837209302,9.3023255814,4.6511627907,1.16279069767,11.6279069767,1.16279069767,3.48837209302,9.3023255814,3.48837209302,2.32558139535,2.32558139535,10.4651162791,3.48837209302,8.13953488372,0.0,0.0,8.13953488372
11.6279069767,0.0,3.48837209302,1.16279069767,9.3023255814,4.6511627907,1.16279069767,11.6279069767,1.16279069767,1.16279069767,9.3023255814,3.48837209302,2.32558139535,2.32558139535,10.4651162791,5.81395348837,9.3023255814,0.0,0.0,11.6279069767
11.4942528736,1.14942528736,3.44827586207,1.14942528736,9.19540229885,4.59770114943,1.14942528736,11.4942528736,1.14942528736,1.14942528736,9.19540229885,3.44827586207,2.29885057471,2.29885057471,10.3448275862,5.74712643678,9.19540229885,0.0,0.0,11.4942528736
11.4942528736,1.14942528736,3.44827586207,3.44827586207,9.19540229885,4.59770114943,1.14942528736,12.6436781609,1.14942528736,4.59770114943,9.19540229885,3.44827586207,2.29885057471,2.29885057471,10.3448275862,4.59770114943,8.04597701149,0.0,0.0,6.89655172414
12.6436781609,1.14942528736,4.59770114943,2.29885057471,9.19540229885,4.59770114943,1.14942528736,11.4942528736,1.14942528736,3.44827586207,9.19540229885,3.44827586207,2.29885057471,2.29885057471,10.3448275862,4.59770114943,8.04597701149,0.0,0.0,8.04597701149
11.6279069767,0.0,3.48837209302,3.48837209302,9.3023255814,4.6511627907,1.16279069767,12.7906976744,1.16279069767,4.6511627907,9.3023255814,3.48837209302,2.32558139535,2.32558139535,10.4651162791,4.6511627907,8.13953488372,0.0,0.0,6.97674418605
11.8421052632,1.31578947368,3.94736842105,3.94736842105,10.5263157895,3.94736842105,0.0,13.1578947368,2.63157894737,2.63157894737,11.8421052632,1.31578947368,1.31578947368,1.31578947368,9.21052631579,5.26315789474,5.26315789474,0.0,1.31578947368,9.21052631579
11.25,2.5,6.25,1.25,10.0,3.75,0.0,16.25,2.5,5.0,11.25,1.25,1.25,2.5,8.75,1.25,7.5,0.0,0.0,7.5
13.9534883721,0.0,3.48837209302,4.6511627907,9.3023255814,4.6511627907,1.16279069767,10.4651162791,1.16279069767,3.48837209302,9.3023255814,3.48837209302,2.32558139535,2.32558139535,9.3023255814,4.6511627907,8.13953488372,0.0,0.0,8.13953488372
11.6279069767,0.0,3.48837209302,1.16279069767,9.3023255814,4.6511627907,1.16279069767,13.9534883721,1.16279069767,1.16279069767,9.3023255814,3.48837209302,2.32558139535,2.32558139535,10.4651162791,4.6511627907,9.3023255814,0.0,0.0,10.4651162791
11.4942528736,1.14942528736,4.59770114943,2.29885057471,9.19540229885,4.59770114943,1.14942528736,12.6436781609,1.14942528736,3.44827586207,9.19540229885,3.44827586207,2.29885057471,2.29885057471,10.3448275862,4.59770114943,8.04597701149,0.0,0.0,8.04597701149
15.7894736842,1.31578947368,3.94736842105,2.63157894737,10.5263157895,3.94736842105,1.31578947368,10.5263157895,0.0,5.26315789474,9.21052631579,2.63157894737,1.31578947368,2.63157894737,7.89473684211,7.89473684211,6.57894736842,0.0,0.0,6.57894736842
12.987012987,1.2987012987,3.8961038961,3.8961038961,10.3896103896,6.49350649351,1.2987012987,6.49350649351,0.0,5.19480519481,10.3896103896,3.8961038961,1.2987012987,1.2987012987,10.3896103896,5.19480519481,6.49350649351,0.0,1.2987012987,7.79220779221
14.1176470588,0.0,3.52941176471,1.17647058824,9.41176470588,4.70588235294,2.35294117647,10.5882352941,2.35294117647,3.52941176471,11.7647058824,3.52941176471,0.0,2.35294117647,9.41176470588,7.05882352941,7.05882352941,0.0,0.0,7.05882352941
13.9534883721,0.0,2.32558139535,2.32558139535,9.3023255814,4.6511627907,2.32558139535,12.7906976744,2.32558139535,2.32558139535,11.6279069767,3.48837209302,0.0,2.32558139535,10.4651162791,3.48837209302,6.97674418605,0.0,0.0,9.3023255814
13.2530120482,0.0,2.40963855422,2.40963855422,9.63855421687,4.81927710843,2.40963855422,13.2530120482,2.40963855422,2.40963855422,12.0481927711,3.61445783133,0.0,1.20481927711,10.843373494,3.61445783133,7.22891566265,0.0,0.0,8.43373493976
9.87654320988,0.0,3.7037037037,3.7037037037,9.87654320988,6.17283950617,2.46913580247,13.5802469136,2.46913580247,0.0,9.87654320988,3.7037037037,1.23456790123,1.23456790123,9.87654320988,2.46913580247,7.40740740741,0.0,0.0,12.3456790123
15.1162790698,0.0,3.48837209302,1.16279069767,9.3023255814,4.6511627907,2.32558139535,10.4651162791,2.32558139535,3.48837209302,11.6279069767,3.48837209302,0.0,2.32558139535,9.3023255814,6.97674418605,6.97674418605,0.0,0.0,6.97674418605
15.1162790698,0.0,3.48837209302,1.16279069767,9.3023255814,3.48837209302,2.32558139535,10.4651162791,3.48837209302,3.48837209302,11.6279069767,3.48837209302,0.0,2.32558139535,9.3023255814,6.97674418605,6.97674418605,0.0,0.0,6.97674418605
12.9411764706,0.0,3.52941176471,3.52941176471,9.41176470588,4.70588235294,1.17647058824,11.7647058824,1.17647058824,3.52941176471,9.41176470588,3.52941176471,2.35294117647,2.35294117647,9.41176470588,4.70588235294,8.23529411765,0.0,0.0,8.23529411765
13.7931034483,1.14942528736,3.44827586207,3.44827586207,9.19540229885,4.59770114943,1.14942528736,11.4942528736,1.14942528736,3.44827586207,9.19540229885,3.44827586207,2.29885057471,2.29885057471,9.19540229885,4.59770114943,8.04597701149,0.0,0.0,8.04597701149
11.6279069767,0.0,4.6511627907,1.16279069767,9.3023255814,3.48837209302,2.32558139535,11.6279069767,1.16279069767,2.32558139535,10.4651162791,3.48837209302,2.32558139535,2.32558139535,10.4651162791,4.6511627907,9.3023255814,0.0,0.0,9.3023255814
11.6279069767,0.0,3.48837209302,3.48837209302,9.3023255814,5.81395348837,1.16279069767,12.7906976744,1.16279069767,2.32558139535,10.4651162791,3.48837209302,2.32558139535,2.32558139535,10.4651162791,4.6511627907,6.97674418605,0.0,0.0,8.13953488372
16.049382716,0.0,3.7037037037,2.46913580247,9.87654320988,3.7037037037,1.23456790123,9.87654320988,2.46913580247,2.46913580247,12.3456790123,3.7037037037,0.0,2.46913580247,8.64197530864,7.40740740741,6.17283950617,0.0,0.0,7.40740740741
10.5882352941,0.0,3.52941176471,1.17647058824,9.41176470588,4.70588235294,1.17647058824,11.7647058824,1.17647058824,1.17647058824,9.41176470588,3.52941176471,2.35294117647,2.35294117647,10.5882352941,5.88235294118,9.41176470588,0.0,0.0,11.7647058824
10.5882352941,0.0,3.52941176471,1.17647058824,9.41176470588,4.70588235294,1.17647058824,14.1176470588,1.17647058824,1.17647058824,9.41176470588,3.52941176471,2.35294117647,2.35294117647,10.5882352941,4.70588235294,9.41176470588,0.0,0.0,10.5882352941
11.4942528736,0.0,3.44827586207,1.14942528736,10.3448275862,4.59770114943,1.14942528736,13.7931034483,1.14942528736,1.14942528736,9.19540229885,3.44827586207,2.29885057471,2.29885057471,10.3448275862,4.59770114943,9.19540229885,0.0,0.0,10.3448275862
16.8316831683,0.990099009901,2.9702970297,5.94059405941,7.92079207921,4.9504950495,2.9702970297,7.92079207921,0.0,5.94059405941,13.8613861386,0.990099009901,1.9801980198,0.990099009901,5.94059405941,3.9603960396,6.93069306931,0.0,1.9801980198,6.93069306931
9.85915492958,0.0,2.81690140845,4.22535211268,11.2676056338,7.04225352113,0.0,8.45070422535,1.40845070423,1.40845070423,8.45070422535,5.6338028169,0.0,4.22535211268,9.85915492958,4.22535211268,7.04225352113,0.0,0.0,14.0845070423
18.0952380952,1.90476190476,1.90476190476,7.61904761905,7.61904761905,2.85714285714,4.7619047619,7.61904761905,0.0,1.90476190476,9.52380952381,2.85714285714,1.90476190476,2.85714285714,9.52380952381,8.57142857143,3.80952380952,0.0,0.952380952381,5.71428571429
15.5963302752,1.83486238532,2.75229357798,4.5871559633,7.33944954128,2.75229357798,2.75229357798,16.5137614679,0.0,1.83486238532,8.25688073394,3.66972477064,1.83486238532,2.75229357798,7.33944954128,8.25688073394,4.5871559633,0.0,0.917431192661,6.42201834862
14.5631067961,1.94174757282,1.94174757282,5.82524271845,7.76699029126,3.88349514563,3.88349514563,9.70873786408,0.0,1.94174757282,9.70873786408,2.91262135922,1.94174757282,2.91262135922,6.79611650485,8.73786407767,8.73786407767,0.0,0.970873786408,5.82524271845
15.1785714286,1.78571428571,1.78571428571,4.46428571429,7.14285714286,2.67857142857,2.67857142857,17.8571428571,0.0,1.78571428571,8.03571428571,3.57142857143,1.78571428571,2.67857142857,7.14285714286,8.03571428571,5.35714285714,0.0,0.892857142857,7.14285714286
15.5963302752,1.83486238532,2.75229357798,4.5871559633,7.33944954128,2.75229357798,2.75229357798,16.5137614679,0.0,1.83486238532,8.25688073394,3.66972477064,1.83486238532,2.75229357798,7.33944954128,7.33944954128,4.5871559633,0.0,0.917431192661,7.33944954128
15.1785714286,1.78571428571,1.78571428571,4.46428571429,7.14285714286,2.67857142857,2.67857142857,17.8571428571,0.0,1.78571428571,8.03571428571,3.57142857143,1.78571428571,2.67857142857,7.14285714286,7.14285714286,5.35714285714,0.0,0.892857142857,8.03571428571
15.5963302752,1.83486238532,2.75229357798,4.5871559633,7.33944954128,2.75229357798,1.83486238532,18.3486238532,0.0,1.83486238532,8.25688073394,3.66972477064,1.83486238532,2.75229357798,7.33944954128,7.33944954128,4.5871559633,0.0,0.917431192661,6.42201834862
17.8217821782,1.9801980198,3.9603960396,3.9603960396,7.92079207921,2.9702970297,3.9603960396,9.90099009901,0.0,2.9702970297,9.90099009901,2.9702970297,0.990099009901,2.9702970297,7.92079207921,6.93069306931,5.94059405941,0.0,0.990099009901,5.94059405941
13.5922330097,1.94174757282,2.91262135922,5.82524271845,7.76699029126,4.85436893204,3.88349514563,9.70873786408,0.0,3.88349514563,8.73786407767,1.94174757282,1.94174757282,2.91262135922,6.79611650485,9.70873786408,7.76699029126,0.0,0.970873786408,4.85436893204
17.4757281553,1.94174757282,2.91262135922,5.82524271845,7.76699029126,1.94174757282,6.79611650485,4.85436893204,0.970873786408,1.94174757282,9.70873786408,2.91262135922,1.94174757282,2.91262135922,9.70873786408,9.70873786408,4.85436893204,0.0,0.970873786408,4.85436893204
13.5922330097,1.94174757282,2.91262135922,5.82524271845,7.76699029126,4.85436893204,3.88349514563,9.70873786408,0.0,3.88349514563,8.73786407767,1.94174757282,2.91262135922,2.91262135922,6.79611650485,9.70873786408,6.79611650485,0.0,0.970873786408,4.85436893204
19.0,1.0,1.0,4.0,8.0,4.0,4.0,7.0,0.0,7.0,7.0,3.0,3.0,3.0,8.0,12.0,6.0,0.0,2.0,1.0
14.4230769231,1.92307692308,3.84615384615,1.92307692308,7.69230769231,2.88461538462,4.80769230769,10.5769230769,0.0,1.92307692308,9.61538461538,2.88461538462,1.92307692308,2.88461538462,9.61538461538,9.61538461538,6.73076923077,0.0,0.961538461538,5.76923076923
12.380952381,1.90476190476,2.85714285714,3.80952380952,7.61904761905,3.80952380952,2.85714285714,12.380952381,0.0,1.90476190476,9.52380952381,2.85714285714,1.90476190476,2.85714285714,8.57142857143,9.52380952381,8.57142857143,0.0,0.952380952381,5.71428571429
13.8888888889,1.85185185185,4.62962962963,2.77777777778,7.40740740741,2.77777777778,4.62962962963,14.8148148148,0.0,1.85185185185,9.25925925926,2.77777777778,1.85185185185,2.77777777778,7.40740740741,9.25925925926,5.55555555556,0.0,0.925925925926,5.55555555556
14.6788990826,1.83486238532,2.75229357798,4.5871559633,7.33944954128,2.75229357798,2.75229357798,16.5137614679,0.0,1.83486238532,8.25688073394,3.66972477064,1.83486238532,2.75229357798,7.33944954128,8.25688073394,4.5871559633,0.0,0.917431192661,7.33944954128
14.0,2.0,2.0,5.0,8.0,3.0,4.0,6.0,1.0,3.0,10.0,4.0,2.0,3.0,9.0,9.0,6.0,0.0,1.0,8.0
18.1818181818,4.0404040404,3.0303030303,6.06060606061,8.08080808081,4.0404040404,2.0202020202,6.06060606061,1.0101010101,6.06060606061,9.09090909091,2.0202020202,2.0202020202,2.0202020202,6.06060606061,5.05050505051,8.08080808081,0.0,2.0202020202,5.05050505051
15.2,0.8,4.8,4.8,8.0,4.8,3.2,16.8,0.8,3.2,7.2,6.4,1.6,2.4,4.8,4.8,3.2,0.0,0.8,6.4
6.74157303371,0.0,6.1797752809,8.98876404494,5.05617977528,2.80898876404,1.68539325843,21.3483146067,6.1797752809,2.80898876404,6.1797752809,3.93258426966,0.561797752809,1.68539325843,11.797752809,5.05617977528,1.68539325843,0.0,3.37078651685,3.93258426966
13.2653061224,4.08163265306,0.0,5.10204081633,9.18367346939,3.0612244898,2.04081632653,10.2040816327,2.04081632653,5.10204081633,12.2448979592,4.08163265306,1.02040816327,4.08163265306,8.16326530612,4.08163265306,5.10204081633,0.0,0.0,7.14285714286
15.8227848101,0.632911392405,1.26582278481,3.79746835443,6.96202531646,3.79746835443,1.26582278481,18.3544303797,0.0,2.53164556962,5.06329113924,2.53164556962,1.26582278481,1.26582278481,9.49367088608,6.96202531646,10.7594936709,0.0,1.89873417722,6.32911392405
12.6315789474,4.21052631579,5.26315789474,6.31578947368,8.42105263158,2.10526315789,3.15789473684,8.42105263158,1.05263157895,0.0,9.47368421053,3.15789473684,2.10526315789,5.26315789474,6.31578947368,4.21052631579,5.26315789474,0.0,3.15789473684,9.47368421053
9.58904109589,2.7397260274,5.47945205479,5.47945205479,10.9589041096,9.58904109589,4.1095890411,8.21917808219,0.0,2.7397260274,10.9589041096,0.0,0.0,4.1095890411,10.9589041096,5.47945205479,2.7397260274,0.0,1.3698630137,5.47945205479
9.09090909091,0.0,0.0,9.09090909091,10.3896103896,3.8961038961,3.8961038961,7.79220779221,0.0,2.5974025974,11.6883116883,0.0,0.0,1.2987012987,5.19480519481,14.2857142857,10.3896103896,0.0,1.2987012987,9.09090909091
10.8910891089,2.9702970297,5.94059405941,3.9603960396,7.92079207921,5.94059405941,0.990099009901,11.8811881188,0.990099009901,3.9603960396,7.92079207921,0.0,0.990099009901,2.9702970297,8.91089108911,7.92079207921,3.9603960396,0.0,1.9801980198,9.90099009901
8.14814814815,1.48148148148,11.8518518519,5.92592592593,5.92592592593,1.48148148148,0.0,23.7037037037,1.48148148148,2.22222222222,8.14814814815,2.22222222222,1.48148148148,2.22222222222,6.66666666667,5.18518518519,5.18518518519,0.0,2.96296296296,3.7037037037
11.6504854369,1.94174757282,3.88349514563,4.85436893204,7.76699029126,2.91262135922,0.0,15.5339805825,0.0,6.79611650485,6.79611650485,2.91262135922,0.970873786408,4.85436893204,7.76699029126,8.73786407767,5.82524271845,0.0,1.94174757282,4.85436893204
14.7058823529,0.980392156863,3.92156862745,6.86274509804,7.8431372549,3.92156862745,1.96078431373,6.86274509804,0.980392156863,5.88235294118,12.7450980392,2.94117647059,0.980392156863,2.94117647059,6.86274509804,5.88235294118,6.86274509804,0.0,1.96078431373,4.90196078431
12.7272727273,0.909090909091,5.45454545455,7.27272727273,8.18181818182,3.63636363636,6.36363636364,5.45454545455,4.54545454545,4.54545454545,10.0,4.54545454545,0.909090909091,1.81818181818,6.36363636364,5.45454545455,2.72727272727,1.81818181818,2.72727272727,4.54545454545
16.6666666667,3.125,3.125,3.125,8.33333333333,7.29166666667,4.16666666667,9.375,1.04166666667,4.16666666667,9.375,2.08333333333,1.04166666667,4.16666666667,4.16666666667,5.20833333333,5.20833333333,0.0,3.125,5.20833333333
11.4285714286,1.42857142857,2.85714285714,8.57142857143,11.4285714286,5.71428571429,5.71428571429,5.71428571429,0.0,2.85714285714,12.8571428571,1.42857142857,0.0,1.42857142857,10.0,7.14285714286,1.42857142857,0.0,1.42857142857,8.57142857143
11.8811881188,2.9702970297,2.9702970297,4.9504950495,7.92079207921,3.9603960396,0.990099009901,13.8613861386,1.9801980198,3.9603960396,9.90099009901,2.9702970297,0.990099009901,5.94059405941,8.91089108911,4.9504950495,4.9504950495,0.0,0.0,5.94059405941
14.0186915888,2.80373831776,2.80373831776,6.54205607477,7.47663551402,4.67289719626,2.80373831776,7.47663551402,0.0,1.8691588785,8.41121495327,4.67289719626,0.934579439252,2.80373831776,7.47663551402,1.8691588785,7.47663551402,0.0,2.80373831776,13.0841121495
16.8421052632,2.10526315789,3.15789473684,3.15789473684,8.42105263158,3.15789473684,2.10526315789,10.5263157895,0.0,6.31578947368,9.47368421053,4.21052631579,1.05263157895,0.0,7.36842105263,7.36842105263,6.31578947368,0.0,1.05263157895,7.36842105263
16.8421052632,0.0,5.26315789474,4.21052631579,8.42105263158,3.15789473684,0.0,12.6315789474,1.05263157895,3.15789473684,11.5789473684,3.15789473684,1.05263157895,2.10526315789,8.42105263158,6.31578947368,6.31578947368,0.0,1.05263157895,5.26315789474
10.0,2.0,4.0,6.0,8.0,5.0,0.0,8.0,1.0,4.0,11.0,1.0,2.0,3.0,8.0,14.0,6.0,0.0,2.0,5.0
13.4831460674,2.24719101124,3.37078651685,3.37078651685,8.98876404494,5.61797752809,3.37078651685,10.1123595506,1.12359550562,2.24719101124,10.1123595506,1.12359550562,1.12359550562,4.49438202247,6.74157303371,4.49438202247,4.49438202247,0.0,1.12359550562,12.3595505618
9.18367346939,1.02040816327,6.12244897959,4.08163265306,8.16326530612,6.12244897959,1.02040816327,9.18367346939,8.16326530612,1.02040816327,7.14285714286,3.0612244898,0.0,2.04081632653,8.16326530612,9.18367346939,5.10204081633,0.0,1.02040816327,10.2040816327
16.6666666667,0.980392156863,2.94117647059,7.8431372549,7.8431372549,3.92156862745,1.96078431373,6.86274509804,0.980392156863,4.90196078431,12.7450980392,2.94117647059,0.980392156863,2.94117647059,6.86274509804,4.90196078431,5.88235294118,0.0,1.96078431373,5.88235294118
10.6060606061,2.27272727273,6.06060606061,4.92424242424,6.43939393939,4.16666666667,0.378787878788,12.8787878788,0.378787878788,2.65151515152,5.68181818182,2.27272727273,0.757575757576,2.27272727273,13.6363636364,9.4696969697,8.33333333333,0.0,1.13636363636,5.68181818182
8.98876404494,1.12359550562,3.37078651685,4.49438202247,10.1123595506,1.12359550562,2.24719101124,12.3595505618,0.0,5.61797752809,10.1123595506,2.24719101124,1.12359550562,1.12359550562,8.98876404494,10.1123595506,7.86516853933,0.0,0.0,8.98876404494
19.587628866,4.12371134021,4.12371134021,7.21649484536,8.24742268041,3.09278350515,1.03092783505,8.24742268041,0.0,4.12371134021,8.24742268041,1.03092783505,2.0618556701,3.09278350515,7.21649484536,3.09278350515,6.18556701031,0.0,2.0618556701,7.21649484536
10.752688172,3.22580645161,2.15053763441,4.30107526882,8.60215053763,2.15053763441,0.0,8.60215053763,0.0,2.15053763441,10.752688172,2.15053763441,2.15053763441,3.22580645161,8.60215053763,8.60215053763,11.8279569892,0.0,1.0752688172,9.67741935484
14.4329896907,4.12371134021,3.09278350515,4.12371134021,8.24742268041,7.21649484536,3.09278350515,6.18556701031,1.03092783505,3.09278350515,7.21649484536,0.0,2.0618556701,4.12371134021,8.24742268041,4.12371134021,4.12371134021,2.0618556701,2.0618556701,11.3402061856
11.5789473684,4.21052631579,5.26315789474,6.31578947368,8.42105263158,2.10526315789,3.15789473684,8.42105263158,1.05263157895,0.0,9.47368421053,3.15789473684,2.10526315789,5.26315789474,6.31578947368,4.21052631579,6.31578947368,0.0,3.15789473684,9.47368421053
7.86516853933,2.24719101124,4.49438202247,5.61797752809,8.98876404494,4.49438202247,2.24719101124,10.1123595506,0.0,2.24719101124,16.8539325843,2.24719101124,2.24719101124,1.12359550562,7.86516853933,4.49438202247,5.61797752809,0.0,3.37078651685,7.86516853933
5.48387096774,1.29032258065,1.93548387097,3.54838709677,3.22580645161,1.93548387097,0.645161290323,3.87096774194,0.645161290323,3.87096774194,3.54838709677,3.22580645161,0.322580645161,0.967741935484,10.3225806452,20.3225806452,28.3870967742,0.645161290323,0.0,5.8064516129
14.5833333333,3.125,2.08333333333,4.16666666667,8.33333333333,6.25,1.04166666667,7.29166666667,0.0,7.29166666667,10.4166666667,4.16666666667,1.04166666667,4.16666666667,7.29166666667,4.16666666667,2.08333333333,0.0,2.08333333333,10.4166666667
9.13705583756,1.52284263959,5.07614213198,3.04568527919,5.07614213198,2.03045685279,1.52284263959,13.7055837563,3.04568527919,2.03045685279,5.07614213198,2.03045685279,1.0152284264,1.52284263959,10.6598984772,14.7208121827,11.6751269036,0.0,1.0152284264,6.09137055838
7.58213984836,0.589721988206,8.34035383319,4.4650379107,4.88626790227,2.86436394271,0.926705981466,18.8711036226,0.50547598989,0.842459983151,3.03285593934,1.43218197136,0.0842459983151,1.85341196293,12.9738837405,18.6183656276,6.90817186184,0.421229991575,1.43218197136,3.3698399326
7.61421319797,1.26903553299,16.7512690355,4.06091370558,6.34517766497,4.56852791878,0.0,27.6649746193,0.0,1.26903553299,5.32994923858,2.03045685279,0.507614213198,1.26903553299,6.34517766497,6.34517766497,2.28426395939,0.0,1.77664974619,4.56852791878
5.02645502646,1.32275132275,16.1375661376,4.10052910053,5.42328042328,2.51322751323,0.529100529101,32.1428571429,1.0582010582,0.661375661376,3.57142857143,2.1164021164,0.529100529101,1.32275132275,6.87830687831,7.27513227513,2.24867724868,0.0,2.91005291005,4.2328042328
5.02645502646,1.32275132275,16.1375661376,4.10052910053,5.42328042328,2.51322751323,0.396825396825,32.2751322751,1.0582010582,0.661375661376,3.57142857143,2.1164021164,0.529100529101,1.32275132275,6.87830687831,7.27513227513,2.24867724868,0.0,2.91005291005,4.2328042328
5.72207084469,0.681198910082,5.72207084469,4.08719346049,4.49591280654,2.58855585831,1.08991825613,13.4877384196,3.40599455041,1.90735694823,4.08719346049,2.99727520436,0.408719346049,1.08991825613,15.2588555858,13.7602179837,11.7166212534,0.0,1.22615803815,6.26702997275
8.37988826816,0.931098696462,9.49720670391,2.97951582868,6.14525139665,2.97951582868,0.558659217877,17.8770949721,0.931098696462,2.23463687151,4.8417132216,2.23463687151,0.372439478585,1.30353817505,16.3873370577,8.93854748603,8.00744878957,0.0,0.744878957169,4.65549348231
7.23226703755,0.973574408901,7.6495132128,4.31154381085,5.00695410292,2.78164116829,1.25173852573,17.9415855355,0.834492350487,1.25173852573,4.03337969402,1.25173852573,0.139082058414,1.25173852573,12.3783031989,18.776077886,7.92767732962,0.139082058414,1.52990264256,3.33796940195
10.6666666667,1.33333333333,8.0,4.0,10.6666666667,8.0,0.0,12.0,0.0,1.33333333333,9.33333333333,2.66666666667,0.0,2.66666666667,8.0,4.0,5.33333333333,0.0,1.33333333333,10.6666666667
5.73355817875,1.18043844857,5.73355817875,3.87858347386,4.21585160202,2.19224283305,1.34907251265,15.5143338954,3.37268128162,2.02360876897,3.5413153457,2.36087689713,0.674536256324,1.18043844857,14.8397976391,13.3220910624,12.1416526138,0.0,1.01180438449,5.73355817875
5.85284280936,1.17056856187,5.85284280936,4.01337792642,4.18060200669,2.17391304348,1.33779264214,15.7190635452,3.34448160535,2.00668896321,3.51170568562,2.67558528428,0.66889632107,1.17056856187,14.5484949833,13.0434782609,12.2073578595,0.0,1.00334448161,5.51839464883
15.625,3.125,3.125,4.16666666667,8.33333333333,7.29166666667,4.16666666667,9.375,1.04166666667,3.125,8.33333333333,2.08333333333,1.04166666667,4.16666666667,4.16666666667,5.20833333333,5.20833333333,0.0,3.125,7.29166666667
11.0169491525,1.69491525424,0.0,4.23728813559,6.77966101695,3.38983050847,3.38983050847,16.1016949153,0.0,4.23728813559,8.47457627119,1.69491525424,1.69491525424,2.54237288136,4.23728813559,16.9491525424,8.47457627119,0.0,1.69491525424,3.38983050847
9.38053097345,1.06194690265,3.18584070796,5.30973451327,1.59292035398,2.47787610619,2.47787610619,7.78761061947,0.530973451327,4.07079646018,3.36283185841,0.70796460177,0.530973451327,1.2389380531,12.5663716814,19.4690265487,13.982300885,0.0,1.2389380531,9.02654867257
9.36395759717,1.06007067138,3.18021201413,5.30035335689,1.59010600707,2.47349823322,2.47349823322,7.77385159011,0.530035335689,4.06360424028,3.35689045936,0.706713780919,0.530035335689,1.23674911661,12.5441696113,19.6113074205,13.9575971731,0.0,1.23674911661,9.01060070671
13.986013986,1.3986013986,6.99300699301,1.3986013986,5.59440559441,4.1958041958,2.7972027972,23.0769230769,0.699300699301,2.0979020979,5.59440559441,2.0979020979,2.0979020979,2.0979020979,4.8951048951,13.2867132867,1.3986013986,0.0,2.0979020979,4.1958041958
9.87654320988,2.46913580247,7.40740740741,4.93827160494,9.87654320988,8.64197530864,1.23456790123,11.1111111111,0.0,1.23456790123,9.87654320988,2.46913580247,0.0,2.46913580247,8.64197530864,3.7037037037,4.93827160494,0.0,1.23456790123,9.87654320988
10.0,2.0,4.0,5.0,8.0,5.0,1.0,8.0,1.0,4.0,11.0,1.0,2.0,3.0,8.0,14.0,6.0,0.0,2.0,5.0
12.7118644068,1.69491525424,2.54237288136,4.23728813559,6.77966101695,5.08474576271,0.0,16.1016949153,1.69491525424,5.08474576271,9.32203389831,3.38983050847,2.54237288136,1.69491525424,11.0169491525,6.77966101695,5.93220338983,0.0,1.69491525424,1.69491525424
16.847826087,0.54347826087,2.71739130435,3.26086956522,6.52173913043,3.26086956522,1.08695652174,10.3260869565,1.08695652174,3.80434782609,5.97826086957,2.71739130435,1.08695652174,1.63043478261,13.0434782609,8.69565217391,10.8695652174,0.0,1.08695652174,5.4347826087
6.50406504065,0.0,26.8292682927,1.62601626016,3.25203252033,1.21951219512,0.406504065041,32.5203252033,2.0325203252,0.406504065041,4.87804878049,2.43902439024,1.21951219512,1.21951219512,3.65853658537,2.43902439024,4.87804878049,0.0,1.21951219512,3.25203252033
17.1122994652,0.0,2.67379679144,3.20855614973,6.41711229947,3.20855614973,1.06951871658,10.1604278075,1.60427807487,3.74331550802,5.88235294118,2.67379679144,1.06951871658,1.60427807487,13.9037433155,8.55614973262,10.6951871658,0.0,1.06951871658,5.34759358289
9.18727915194,1.06007067138,3.18021201413,5.30035335689,1.59010600707,2.47349823322,2.47349823322,7.59717314488,0.530035335689,4.06360424028,3.18021201413,0.706713780919,0.706713780919,1.23674911661,12.7208480565,19.4346289753,14.1342756184,0.0,1.23674911661,9.18727915194
9.0,0.5,3.66666666667,5.33333333333,1.5,2.0,2.5,7.83333333333,0.333333333333,4.5,3.66666666667,1.0,0.666666666667,1.5,13.0,19.0,15.1666666667,0.0,1.16666666667,7.66666666667
9.36395759717,1.06007067138,3.18021201413,5.30035335689,1.59010600707,2.47349823322,2.47349823322,7.77385159011,0.530035335689,4.06360424028,3.35689045936,0.706713780919,0.530035335689,1.23674911661,12.7208480565,19.4346289753,13.9575971731,0.0,1.23674911661,9.01060070671
9.36395759717,0.883392226148,3.18021201413,5.47703180212,1.59010600707,2.47349823322,2.65017667845,7.59717314488,0.530035335689,4.41696113074,3.71024734982,0.706713780919,0.706713780919,1.59010600707,12.7208480565,18.9045936396,13.7809187279,0.0,1.23674911661,8.48056537102
11.1111111111,1.0101010101,1.0101010101,4.0404040404,8.08080808081,6.06060606061,2.0202020202,7.07070707071,0.0,7.07070707071,7.07070707071,3.0303030303,1.0101010101,4.0404040404,8.08080808081,8.08080808081,11.1111111111,0.0,2.0202020202,8.08080808081
2.34375,1.953125,3.125,12.109375,3.125,1.953125,6.640625,6.640625,8.59375,4.6875,3.515625,8.59375,0.390625,2.34375,4.296875,9.765625,12.890625,0.0,1.953125,5.078125
