A,R,N,D,C,Q,E,G,H,I,L,K,M,F,P,S,T,W,Y,V
12.2302158273,0.0,9.35251798561,4.31654676259,5.75539568345,5.75539568345,2.87769784173,7.91366906475,0.719424460432,5.03597122302,8.63309352518,7.19424460432,0.719424460432,3.59712230216,2.87769784173,5.75539568345,5.03597122302,0.0,0.719424460432,11.5107913669
7.56302521008,0.0,8.40336134454,0.840336134454,6.72268907563,4.20168067227,1.68067226891,12.6050420168,0.840336134454,7.56302521008,8.40336134454,5.04201680672,1.68067226891,2.52100840336,3.36134453782,6.72268907563,10.0840336134,0.0,0.0,11.7647058824
7.56756756757,1.62162162162,3.78378378378,8.64864864865,4.32432432432,2.16216216216,3.24324324324,12.4324324324,0.540540540541,3.24324324324,10.8108108108,2.16216216216,1.62162162162,0.540540540541,2.7027027027,12.4324324324,9.18918918919,0.540540540541,0.540540540541,11.8918918919
8.25688073394,1.83486238532,7.33944954128,2.75229357798,7.33944954128,3.66972477064,0.917431192661,13.7614678899,0.917431192661,3.66972477064,11.9266055046,2.75229357798,0.917431192661,1.83486238532,4.5871559633,7.33944954128,8.25688073394,0.0,0.0,11.9266055046
8.08823529412,0.735294117647,4.41176470588,0.735294117647,5.88235294118,2.94117647059,0.735294117647,11.7647058824,0.735294117647,5.88235294118,11.0294117647,0.0,0.735294117647,3.67647058824,7.35294117647,8.82352941176,14.7058823529,0.0,0.735294117647,11.0294117647
10.8108108108,0.900900900901,6.30630630631,0.900900900901,7.20720720721,5.40540540541,0.900900900901,15.3153153153,0.900900900901,2.7027027027,12.6126126126,1.8018018018,0.900900900901,0.900900900901,6.30630630631,5.40540540541,8.10810810811,0.0,0.0,12.6126126126
13.3757961783,0.0,6.36942675159,5.73248407643,5.09554140127,5.73248407643,1.91082802548,12.101910828,0.636942675159,4.45859872611,9.55414012739,5.73248407643,0.636942675159,3.1847133758,3.82165605096,8.91719745223,3.1847133758,0.0,0.636942675159,8.91719745223
11.320754717,0.62893081761,6.91823899371,5.66037735849,5.03144654088,6.2893081761,1.88679245283,11.9496855346,0.62893081761,7.54716981132,10.6918238994,5.66037735849,0.62893081761,2.51572327044,4.40251572327,6.91823899371,3.77358490566,0.0,0.62893081761,6.91823899371
13.3928571429,0.892857142857,6.25,4.46428571429,7.14285714286,4.46428571429,0.892857142857,8.92857142857,1.78571428571,4.46428571429,10.7142857143,1.78571428571,0.892857142857,2.67857142857,8.03571428571,6.25,7.14285714286,0.0,0.0,9.82142857143
12.1739130435,0.869565217391,8.69565217391,2.60869565217,6.95652173913,3.47826086957,2.60869565217,10.4347826087,1.73913043478,4.34782608696,10.4347826087,0.0,0.869565217391,2.60869565217,6.95652173913,6.95652173913,6.95652173913,0.0,0.869565217391,10.4347826087
12.8571428571,3.57142857143,5.71428571429,1.42857142857,5.71428571429,5.71428571429,3.57142857143,12.1428571429,1.42857142857,3.57142857143,6.42857142857,2.14285714286,2.14285714286,0.714285714286,6.42857142857,9.28571428571,7.85714285714,0.714285714286,0.0,8.57142857143
8.54700854701,1.7094017094,8.54700854701,1.7094017094,6.83760683761,10.2564102564,0.854700854701,10.2564102564,0.0,1.7094017094,11.9658119658,0.0,2.5641025641,1.7094017094,5.98290598291,8.54700854701,5.98290598291,0.0,0.0,12.8205128205
20.0,0.740740740741,7.40740740741,2.96296296296,5.92592592593,1.48148148148,4.44444444444,9.62962962963,0.740740740741,2.96296296296,11.8518518519,4.44444444444,0.740740740741,2.22222222222,2.96296296296,7.40740740741,8.88888888889,0.0,0.0,5.18518518519
8.92857142857,0.0,7.14285714286,1.78571428571,7.14285714286,5.35714285714,5.35714285714,6.25,0.0,10.7142857143,8.03571428571,6.25,1.78571428571,2.67857142857,6.25,10.7142857143,3.57142857143,0.0,0.0,8.03571428571
11.4583333333,0.0,9.375,6.25,8.33333333333,6.25,1.04166666667,4.16666666667,0.0,5.20833333333,7.29166666667,4.16666666667,2.08333333333,1.04166666667,4.16666666667,6.25,8.33333333333,0.0,1.04166666667,13.5416666667
12.5,0.735294117647,8.08823529412,4.41176470588,5.88235294118,4.41176470588,0.735294117647,11.7647058824,0.0,5.88235294118,11.7647058824,3.67647058824,1.47058823529,0.735294117647,2.94117647059,9.55882352941,7.35294117647,0.0,0.735294117647,7.35294117647
15.1079136691,0.0,7.91366906475,5.75539568345,5.75539568345,7.91366906475,2.87769784173,10.7913669065,1.43884892086,3.59712230216,12.2302158273,5.75539568345,0.719424460432,2.15827338129,2.15827338129,5.03597122302,3.59712230216,0.0,0.0,7.19424460432
8.07692307692,2.30769230769,6.92307692308,3.46153846154,3.84615384615,6.53846153846,1.53846153846,5.38461538462,1.15384615385,5.0,9.61538461538,6.53846153846,1.53846153846,5.0,8.07692307692,8.84615384615,5.0,0.384615384615,1.92307692308,8.84615384615
9.28571428571,4.28571428571,7.14285714286,1.42857142857,6.42857142857,4.28571428571,1.42857142857,9.28571428571,2.14285714286,5.0,10.7142857143,0.714285714286,1.42857142857,2.85714285714,8.57142857143,9.28571428571,5.71428571429,0.0,0.714285714286,9.28571428571
11.8644067797,0.0,5.08474576271,1.69491525424,6.77966101695,5.93220338983,0.0,11.8644067797,0.847457627119,6.77966101695,9.32203389831,0.847457627119,2.54237288136,6.77966101695,6.77966101695,9.32203389831,8.47457627119,0.0,0.847457627119,4.23728813559
13.1147540984,0.0,3.27868852459,3.27868852459,6.55737704918,4.91803278689,0.0,10.6557377049,0.819672131148,6.55737704918,9.83606557377,1.6393442623,1.6393442623,4.91803278689,8.19672131148,9.83606557377,6.55737704918,0.0,0.0,8.19672131148
10.9090909091,0.0,4.54545454545,1.81818181818,7.27272727273,8.18181818182,0.0,8.18181818182,0.909090909091,6.36363636364,8.18181818182,1.81818181818,0.909090909091,3.63636363636,6.36363636364,12.7272727273,7.27272727273,0.0,0.909090909091,10.0
11.0236220472,0.0,7.08661417323,0.787401574803,6.29921259843,4.72440944882,0.0,14.1732283465,0.787401574803,7.08661417323,7.87401574803,1.57480314961,2.36220472441,5.51181102362,9.44881889764,7.87401574803,5.51181102362,0.0,0.0,7.87401574803
14.8760330579,0.0,9.09090909091,0.826446280992,6.61157024793,5.78512396694,1.65289256198,11.5702479339,0.0,5.78512396694,7.43801652893,3.30578512397,2.47933884298,2.47933884298,5.78512396694,9.9173553719,4.13223140496,0.0,0.826446280992,7.43801652893
11.1111111111,0.0,6.48148148148,1.85185185185,7.40740740741,8.33333333333,0.925925925926,10.1851851852,0.925925925926,2.77777777778,7.40740740741,1.85185185185,2.77777777778,2.77777777778,5.55555555556,12.962962963,1.85185185185,0.0,0.925925925926,13.8888888889
12.962962963,0.0,5.55555555556,0.925925925926,7.40740740741,8.33333333333,1.85185185185,8.33333333333,0.925925925926,1.85185185185,8.33333333333,1.85185185185,2.77777777778,2.77777777778,5.55555555556,12.037037037,2.77777777778,0.0,0.925925925926,14.8148148148
12.9496402878,0.719424460432,9.35251798561,3.59712230216,5.75539568345,5.03597122302,2.87769784173,7.91366906475,0.719424460432,4.31654676259,10.071942446,7.19424460432,0.719424460432,3.59712230216,2.87769784173,5.75539568345,5.75539568345,0.0,0.719424460432,10.071942446
11.6071428571,0.0,4.46428571429,3.57142857143,7.14285714286,1.78571428571,3.57142857143,9.82142857143,0.892857142857,8.03571428571,8.92857142857,1.78571428571,0.892857142857,1.78571428571,6.25,14.2857142857,5.35714285714,0.0,0.0,9.82142857143
17.5,0.0,4.16666666667,1.66666666667,6.66666666667,2.5,1.66666666667,11.6666666667,0.0,4.16666666667,10.8333333333,0.833333333333,0.833333333333,3.33333333333,5.83333333333,14.1666666667,6.66666666667,0.0,0.0,7.5
8.10810810811,0.900900900901,3.6036036036,4.5045045045,7.20720720721,4.5045045045,0.900900900901,8.10810810811,0.900900900901,6.30630630631,9.00900900901,0.900900900901,3.6036036036,2.7027027027,6.30630630631,18.9189189189,7.20720720721,0.0,0.900900900901,5.40540540541
14.4230769231,0.961538461538,3.84615384615,5.76923076923,7.69230769231,3.84615384615,2.88461538462,7.69230769231,0.961538461538,2.88461538462,11.5384615385,0.0,0.961538461538,0.961538461538,4.80769230769,6.73076923077,6.73076923077,0.0,0.0,17.3076923077
11.8811881188,0.990099009901,6.93069306931,1.9801980198,7.92079207921,3.9603960396,2.9702970297,10.8910891089,0.0,5.94059405941,11.8811881188,0.0,0.990099009901,0.990099009901,3.9603960396,11.8811881188,0.990099009901,0.0,0.0,15.8415841584
10.0840336134,0.840336134454,4.20168067227,1.68067226891,6.72268907563,2.52100840336,0.840336134454,13.4453781513,0.0,8.40336134454,10.0840336134,0.840336134454,1.68067226891,1.68067226891,6.72268907563,11.7647058824,6.72268907563,0.0,0.840336134454,10.9243697479
8.41121495327,2.80373831776,6.54205607477,2.80373831776,7.47663551402,3.73831775701,1.8691588785,13.0841121495,0.934579439252,7.47663551402,11.214953271,1.8691588785,0.934579439252,0.934579439252,3.73831775701,11.214953271,3.73831775701,0.0,0.0,11.214953271
10.0917431193,1.83486238532,3.66972477064,5.50458715596,7.33944954128,2.75229357798,1.83486238532,11.9266055046,0.0,7.33944954128,14.6788990826,0.917431192661,2.75229357798,0.917431192661,4.5871559633,7.33944954128,8.25688073394,0.0,0.0,8.25688073394
8.67768595041,2.47933884298,2.47933884298,2.89256198347,3.71900826446,4.54545454545,2.06611570248,10.3305785124,3.30578512397,4.54545454545,5.78512396694,1.23966942149,1.65289256198,1.23966942149,9.5041322314,9.9173553719,18.1818181818,1.23966942149,1.65289256198,4.54545454545
10.9090909091,0.909090909091,3.63636363636,2.72727272727,7.27272727273,2.72727272727,0.909090909091,10.9090909091,0.909090909091,8.18181818182,8.18181818182,0.909090909091,0.909090909091,1.81818181818,7.27272727273,12.7272727273,7.27272727273,0.0,0.909090909091,10.9090909091
10.6194690265,1.76991150442,0.884955752212,4.42477876106,7.0796460177,2.65486725664,3.53982300885,13.2743362832,0.0,3.53982300885,15.0442477876,0.884955752212,0.884955752212,0.884955752212,3.53982300885,14.1592920354,7.0796460177,0.0,0.0,9.73451327434
9.375,0.78125,3.125,5.46875,6.25,2.34375,0.78125,12.5,0.0,9.375,12.5,1.5625,2.34375,2.34375,6.25,6.25,7.8125,0.0,0.78125,10.15625
12.7272727273,1.81818181818,7.27272727273,0.909090909091,7.27272727273,1.81818181818,3.63636363636,11.8181818182,0.0,8.18181818182,14.5454545455,0.0,1.81818181818,1.81818181818,3.63636363636,10.0,5.45454545455,0.0,0.0,7.27272727273
14.7058823529,0.980392156863,2.94117647059,2.94117647059,7.8431372549,6.86274509804,1.96078431373,8.82352941176,0.980392156863,5.88235294118,9.80392156863,0.0,0.980392156863,1.96078431373,7.8431372549,5.88235294118,4.90196078431,0.0,0.0,14.7058823529
11.1111111111,2.96296296296,4.44444444444,5.18518518519,5.92592592593,2.22222222222,2.96296296296,8.88888888889,2.22222222222,4.44444444444,15.5555555556,0.0,2.22222222222,0.740740740741,6.66666666667,8.88888888889,6.66666666667,0.0,1.48148148148,7.40740740741
11.1111111111,0.0,7.40740740741,2.77777777778,7.40740740741,8.33333333333,1.85185185185,9.25925925926,3.7037037037,5.55555555556,11.1111111111,1.85185185185,1.85185185185,2.77777777778,5.55555555556,4.62962962963,4.62962962963,0.0,0.0,10.1851851852
14.6788990826,1.83486238532,5.50458715596,1.83486238532,7.33944954128,3.66972477064,2.75229357798,10.0917431193,0.917431192661,5.50458715596,12.8440366972,0.0,1.83486238532,1.83486238532,3.66972477064,11.0091743119,6.42201834862,0.0,0.0,8.25688073394
11.2676056338,4.92957746479,4.92957746479,2.11267605634,5.6338028169,3.52112676056,3.52112676056,14.0845070423,0.704225352113,7.74647887324,8.45070422535,2.11267605634,0.704225352113,1.40845070423,7.04225352113,10.5633802817,3.52112676056,0.0,1.40845070423,6.33802816901
14.6095717884,3.52644836272,8.56423173804,3.52644836272,2.01511335013,3.52644836272,5.28967254408,12.0906801008,2.26700251889,9.31989924433,6.54911838791,4.03022670025,0.755667506297,2.77078085642,4.28211586902,6.29722921914,4.78589420655,0.0,0.755667506297,5.03778337531
7.36842105263,7.36842105263,7.36842105263,9.47368421053,8.42105263158,2.10526315789,1.05263157895,11.5789473684,0.0,3.15789473684,13.6842105263,4.21052631579,1.05263157895,1.05263157895,2.10526315789,7.36842105263,5.26315789474,0.0,3.15789473684,4.21052631579
6.30630630631,1.8018018018,3.6036036036,3.6036036036,8.10810810811,3.6036036036,0.0,10.8108108108,0.0,9.00900900901,12.6126126126,0.900900900901,1.8018018018,3.6036036036,6.30630630631,9.00900900901,9.90990990991,0.0,0.0,9.00900900901
8.65384615385,0.0,4.80769230769,3.84615384615,7.69230769231,5.76923076923,2.88461538462,11.5384615385,0.961538461538,2.88461538462,6.73076923077,1.92307692308,0.961538461538,3.84615384615,5.76923076923,4.80769230769,14.4230769231,0.0,0.961538461538,11.5384615385
12.037037037,1.85185185185,5.55555555556,3.7037037037,7.40740740741,1.85185185185,4.62962962963,6.48148148148,0.0,8.33333333333,7.40740740741,5.55555555556,0.925925925926,3.7037037037,3.7037037037,10.1851851852,8.33333333333,0.0,0.925925925926,7.40740740741
7.69230769231,2.7972027972,5.59440559441,4.1958041958,5.59440559441,1.3986013986,2.7972027972,10.4895104895,0.699300699301,5.59440559441,16.7832167832,6.29370629371,2.0979020979,4.8951048951,3.4965034965,4.1958041958,5.59440559441,0.0,0.699300699301,9.09090909091
11.0091743119,0.0,6.42201834862,3.66972477064,7.33944954128,4.5871559633,1.83486238532,11.9266055046,0.0,8.25688073394,11.0091743119,1.83486238532,0.917431192661,2.75229357798,2.75229357798,9.17431192661,6.42201834862,0.0,0.0,10.0917431193
9.16666666667,2.5,3.33333333333,5.83333333333,8.33333333333,5.0,1.66666666667,11.6666666667,0.0,4.16666666667,12.5,0.0,1.66666666667,2.5,2.5,14.1666666667,10.0,0.0,0.0,5.0
13.2743362832,0.884955752212,5.30973451327,1.76991150442,7.0796460177,5.30973451327,1.76991150442,7.96460176991,0.884955752212,6.19469026549,11.5044247788,1.76991150442,0.884955752212,0.884955752212,4.42477876106,15.0442477876,6.19469026549,0.0,0.0,8.84955752212
10.7142857143,0.892857142857,4.46428571429,5.35714285714,7.14285714286,2.67857142857,1.78571428571,8.92857142857,4.46428571429,2.67857142857,9.82142857143,0.892857142857,2.67857142857,2.67857142857,4.46428571429,11.6071428571,7.14285714286,0.0,0.892857142857,10.7142857143
11.8518518519,0.740740740741,5.92592592593,0.740740740741,7.40740740741,2.96296296296,2.22222222222,10.3703703704,2.96296296296,3.7037037037,12.5925925926,3.7037037037,0.740740740741,2.96296296296,4.44444444444,10.3703703704,6.66666666667,0.0,0.0,9.62962962963
12.1739130435,0.0,6.08695652174,2.60869565217,6.95652173913,3.47826086957,2.60869565217,8.69565217391,5.21739130435,5.21739130435,12.1739130435,3.47826086957,1.73913043478,2.60869565217,5.21739130435,6.95652173913,6.08695652174,0.0,0.0,8.69565217391
11.7117117117,1.8018018018,7.20720720721,2.7027027027,7.20720720721,3.6036036036,1.8018018018,10.8108108108,0.0,2.7027027027,12.6126126126,1.8018018018,0.900900900901,3.6036036036,3.6036036036,9.00900900901,9.00900900901,0.0,0.0,9.90990990991
8.98876404494,0.0,6.74157303371,2.24719101124,8.98876404494,3.37078651685,3.37078651685,10.1123595506,0.0,8.98876404494,14.606741573,2.24719101124,0.0,1.12359550562,3.37078651685,12.3595505618,6.74157303371,0.0,0.0,6.74157303371
9.75609756098,0.0,2.78745644599,5.22648083624,2.78745644599,1.393728223,9.40766550523,6.96864111498,1.04529616725,3.83275261324,6.62020905923,1.74216027875,1.04529616725,1.04529616725,16.0278745645,5.22648083624,3.13588850174,0.0,9.40766550523,12.543554007
3.125,2.34375,8.59375,1.5625,6.25,3.90625,2.34375,8.59375,0.78125,11.71875,8.59375,2.34375,0.78125,2.34375,7.8125,8.59375,11.71875,0.0,0.0,8.59375
6.97674418605,2.32558139535,4.6511627907,4.6511627907,6.2015503876,3.1007751938,2.32558139535,6.2015503876,0.0,3.1007751938,20.9302325581,2.32558139535,1.5503875969,0.77519379845,10.0775193798,6.97674418605,6.2015503876,1.5503875969,0.0,10.0775193798
7.33944954128,0.917431192661,4.5871559633,5.50458715596,7.33944954128,5.50458715596,0.0,10.0917431193,0.917431192661,5.50458715596,10.0917431193,6.42201834862,1.83486238532,2.75229357798,2.75229357798,11.9266055046,5.50458715596,0.0,0.0,11.0091743119
6.89655172414,2.58620689655,6.89655172414,4.31034482759,6.89655172414,1.72413793103,0.862068965517,8.62068965517,0.0,9.48275862069,11.2068965517,1.72413793103,0.862068965517,1.72413793103,3.44827586207,7.75862068966,15.5172413793,0.0,0.0,9.48275862069
5.26315789474,2.10526315789,3.15789473684,4.21052631579,8.42105263158,0.0,2.10526315789,14.7368421053,0.0,5.26315789474,11.5789473684,2.10526315789,1.05263157895,1.05263157895,5.26315789474,15.7894736842,11.5789473684,0.0,0.0,6.31578947368
13.7254901961,0.0,3.92156862745,1.96078431373,7.8431372549,1.96078431373,1.96078431373,8.82352941176,0.980392156863,7.8431372549,6.86274509804,0.0,0.0,0.0,7.8431372549,14.7058823529,9.80392156863,0.0,0.0,11.7647058824
10.9090909091,0.0,0.909090909091,3.63636363636,7.27272727273,2.72727272727,0.909090909091,9.09090909091,0.909090909091,9.09090909091,7.27272727273,1.81818181818,0.909090909091,1.81818181818,7.27272727273,11.8181818182,11.8181818182,0.909090909091,0.0,10.9090909091
8.82352941176,3.67647058824,4.41176470588,2.20588235294,5.88235294118,2.20588235294,2.20588235294,13.2352941176,1.47058823529,6.61764705882,11.0294117647,3.67647058824,0.735294117647,2.94117647059,8.82352941176,8.08823529412,5.88235294118,0.0,0.0,8.08823529412
10.0,0.0,3.63636363636,2.72727272727,7.27272727273,1.81818181818,1.81818181818,7.27272727273,0.909090909091,9.09090909091,8.18181818182,1.81818181818,0.909090909091,1.81818181818,8.18181818182,15.4545454545,8.18181818182,0.0,0.0,10.9090909091
11.4035087719,1.75438596491,5.26315789474,3.50877192982,7.01754385965,1.75438596491,2.63157894737,8.77192982456,0.0,8.77192982456,10.5263157895,3.50877192982,1.75438596491,0.877192982456,5.26315789474,9.64912280702,7.89473684211,0.0,0.877192982456,8.77192982456
11.8181818182,0.0,1.81818181818,4.54545454545,7.27272727273,1.81818181818,1.81818181818,9.09090909091,0.909090909091,8.18181818182,10.0,0.909090909091,0.909090909091,1.81818181818,6.36363636364,10.9090909091,13.6363636364,0.909090909091,0.0,7.27272727273
11.8181818182,0.0,2.72727272727,1.81818181818,7.27272727273,1.81818181818,1.81818181818,9.09090909091,0.0,8.18181818182,8.18181818182,0.909090909091,0.909090909091,0.909090909091,8.18181818182,15.4545454545,9.09090909091,0.0,0.909090909091,10.9090909091
11.8181818182,0.0,1.81818181818,2.72727272727,7.27272727273,1.81818181818,2.72727272727,8.18181818182,0.0,9.09090909091,6.36363636364,1.81818181818,0.909090909091,1.81818181818,8.18181818182,16.3636363636,8.18181818182,0.0,0.909090909091,10.0
10.7142857143,0.892857142857,2.67857142857,1.78571428571,7.14285714286,3.57142857143,2.67857142857,9.82142857143,0.0,6.25,10.7142857143,0.892857142857,0.892857142857,1.78571428571,8.03571428571,14.2857142857,5.35714285714,0.0,0.892857142857,11.6071428571
11.0091743119,0.0,3.66972477064,3.66972477064,7.33944954128,3.66972477064,2.75229357798,9.17431192661,0.0,7.33944954128,7.33944954128,1.83486238532,0.917431192661,0.0,6.42201834862,11.9266055046,7.33944954128,0.0,1.83486238532,13.7614678899
10.3448275862,4.13793103448,5.51724137931,2.06896551724,5.51724137931,2.75862068966,2.06896551724,13.7931034483,1.37931034483,5.51724137931,9.65517241379,2.06896551724,1.37931034483,2.75862068966,8.27586206897,10.3448275862,7.58620689655,0.0,0.0,4.8275862069
10.7142857143,0.0,5.35714285714,1.78571428571,7.14285714286,0.892857142857,2.67857142857,9.82142857143,0.0,7.14285714286,10.7142857143,1.78571428571,0.892857142857,0.892857142857,6.25,13.3928571429,7.14285714286,0.0,0.892857142857,12.5
9.62962962963,2.96296296296,4.44444444444,3.7037037037,5.92592592593,2.22222222222,2.96296296296,8.88888888889,0.740740740741,3.7037037037,8.88888888889,2.96296296296,2.22222222222,1.48148148148,5.92592592593,12.5925925926,11.8518518519,0.0,0.740740740741,8.14814814815
8.57142857143,0.952380952381,2.85714285714,3.80952380952,7.61904761905,4.7619047619,0.0,12.380952381,0.0,5.71428571429,11.4285714286,0.0,0.0,0.0,4.7619047619,15.2380952381,8.57142857143,0.0,0.952380952381,12.380952381
11.8181818182,0.0,1.81818181818,4.54545454545,7.27272727273,1.81818181818,1.81818181818,9.09090909091,0.909090909091,8.18181818182,10.0,0.909090909091,0.909090909091,1.81818181818,6.36363636364,10.0,14.5454545455,0.909090909091,0.0,7.27272727273
10.5691056911,0.0,4.06504065041,3.25203252033,6.50406504065,1.62601626016,0.813008130081,11.3821138211,0.0,6.50406504065,8.94308943089,1.62601626016,0.813008130081,0.813008130081,6.50406504065,11.3821138211,13.0081300813,0.0,0.813008130081,11.3821138211
11.8181818182,0.0,0.909090909091,3.63636363636,7.27272727273,2.72727272727,0.909090909091,9.09090909091,0.909090909091,8.18181818182,7.27272727273,0.909090909091,0.909090909091,1.81818181818,6.36363636364,12.7272727273,12.7272727273,0.909090909091,0.0,10.9090909091
12.1951219512,0.0,3.25203252033,3.25203252033,6.50406504065,1.62601626016,0.813008130081,11.3821138211,0.0,6.50406504065,8.94308943089,1.62601626016,0.813008130081,0.813008130081,6.50406504065,10.5691056911,13.8211382114,0.0,0.813008130081,10.5691056911
11.7647058824,3.67647058824,6.61764705882,1.47058823529,5.88235294118,1.47058823529,0.735294117647,9.55882352941,1.47058823529,4.41176470588,11.7647058824,3.67647058824,1.47058823529,2.20588235294,5.88235294118,9.55882352941,7.35294117647,0.0,0.735294117647,10.2941176471
5.31914893617,1.06382978723,6.3829787234,0.0,8.51063829787,4.25531914894,7.44680851064,13.829787234,0.0,6.3829787234,12.7659574468,0.0,1.06382978723,1.06382978723,5.31914893617,10.6382978723,7.44680851064,0.0,0.0,8.51063829787
8.0,1.0,8.0,2.0,8.0,5.0,5.0,11.0,0.0,7.0,13.0,0.0,1.0,1.0,5.0,10.0,5.0,0.0,1.0,9.0
13.1578947368,1.75438596491,5.26315789474,0.0,7.01754385965,2.63157894737,4.38596491228,12.2807017544,0.0,7.89473684211,13.1578947368,0.0,1.75438596491,1.75438596491,4.38596491228,9.64912280702,8.77192982456,0.0,0.0,6.14035087719
10.9090909091,0.909090909091,5.45454545455,4.54545454545,7.27272727273,2.72727272727,4.54545454545,11.8181818182,0.0,7.27272727273,10.9090909091,0.909090909091,0.909090909091,1.81818181818,3.63636363636,6.36363636364,11.8181818182,0.0,0.0,8.18181818182
11.4035087719,1.75438596491,7.01754385965,0.0,7.01754385965,3.50877192982,4.38596491228,10.5263157895,0.0,7.89473684211,13.1578947368,0.0,1.75438596491,1.75438596491,4.38596491228,11.4035087719,7.01754385965,0.0,0.0,7.01754385965
6.52173913043,1.08695652174,3.26086956522,4.34782608696,8.69565217391,3.26086956522,3.26086956522,11.9565217391,0.0,6.52173913043,10.8695652174,0.0,1.08695652174,0.0,5.4347826087,11.9565217391,8.69565217391,0.0,1.08695652174,11.9565217391
8.62068965517,1.72413793103,3.44827586207,1.72413793103,6.89655172414,2.58620689655,2.58620689655,8.62068965517,1.72413793103,6.03448275862,13.7931034483,0.0,0.862068965517,0.862068965517,5.1724137931,12.0689655172,11.2068965517,0.0,0.862068965517,11.2068965517
13.0,0.0,4.0,2.0,8.0,2.0,2.0,10.0,1.0,7.0,6.0,1.0,0.0,1.0,8.0,14.0,9.0,0.0,0.0,12.0
17.6470588235,0.0,2.94117647059,1.96078431373,7.8431372549,1.96078431373,1.96078431373,7.8431372549,0.0,4.90196078431,8.82352941176,1.96078431373,0.980392156863,2.94117647059,3.92156862745,12.7450980392,8.82352941176,0.980392156863,0.0,11.7647058824
14.5631067961,0.0,1.94174757282,2.91262135922,7.76699029126,2.91262135922,1.94174757282,9.70873786408,0.970873786408,7.76699029126,7.76699029126,0.970873786408,0.970873786408,2.91262135922,4.85436893204,11.6504854369,9.70873786408,0.0,0.970873786408,9.70873786408
17.6470588235,0.0,2.94117647059,2.94117647059,7.8431372549,2.94117647059,0.980392156863,8.82352941176,0.0,5.88235294118,6.86274509804,1.96078431373,0.980392156863,2.94117647059,4.90196078431,10.7843137255,8.82352941176,0.980392156863,0.0,11.7647058824
13.6363636364,0.0,0.909090909091,2.72727272727,7.27272727273,1.81818181818,1.81818181818,8.18181818182,0.0,6.36363636364,8.18181818182,0.909090909091,0.909090909091,0.909090909091,6.36363636364,16.3636363636,10.9090909091,0.0,0.909090909091,11.8181818182
6.54205607477,0.0,5.60747663551,3.73831775701,7.47663551402,5.60747663551,1.8691588785,13.0841121495,0.934579439252,7.47663551402,9.34579439252,1.8691588785,1.8691588785,2.80373831776,4.67289719626,9.34579439252,8.41121495327,0.0,0.934579439252,8.41121495327
12.7272727273,0.0,4.54545454545,2.72727272727,7.27272727273,1.81818181818,3.63636363636,9.09090909091,0.909090909091,5.45454545455,8.18181818182,0.909090909091,0.909090909091,2.72727272727,8.18181818182,10.9090909091,7.27272727273,0.0,0.0,12.7272727273
14.7058823529,0.0,2.94117647059,2.94117647059,7.8431372549,2.94117647059,0.980392156863,8.82352941176,0.0,5.88235294118,6.86274509804,1.96078431373,0.980392156863,2.94117647059,3.92156862745,12.7450980392,10.7843137255,0.980392156863,0.0,11.7647058824
12.7272727273,0.0,2.72727272727,1.81818181818,7.27272727273,1.81818181818,1.81818181818,10.9090909091,0.909090909091,6.36363636364,7.27272727273,0.909090909091,0.909090909091,0.909090909091,8.18181818182,12.7272727273,8.18181818182,0.0,0.0,14.5454545455
13.6363636364,0.0,0.909090909091,2.72727272727,7.27272727273,1.81818181818,1.81818181818,10.0,0.0,7.27272727273,8.18181818182,0.909090909091,0.909090909091,0.909090909091,7.27272727273,13.6363636364,10.0,0.0,0.909090909091,11.8181818182
6.73076923077,0.961538461538,3.84615384615,2.88461538462,7.69230769231,5.76923076923,0.0,10.5769230769,0.961538461538,7.69230769231,10.5769230769,1.92307692308,0.961538461538,1.92307692308,4.80769230769,13.4615384615,11.5384615385,0.0,0.0,7.69230769231
10.3448275862,1.72413793103,4.31034482759,2.58620689655,6.89655172414,2.58620689655,1.72413793103,12.0689655172,0.0,6.03448275862,12.0689655172,0.0,1.72413793103,1.72413793103,3.44827586207,12.0689655172,12.0689655172,0.0,0.862068965517,7.75862068966
6.54205607477,0.934579439252,5.60747663551,1.8691588785,7.47663551402,3.73831775701,1.8691588785,13.0841121495,0.0,5.60747663551,14.0186915888,0.0,1.8691588785,1.8691588785,4.67289719626,11.214953271,11.214953271,0.0,0.0,8.41121495327
9.48275862069,1.72413793103,5.1724137931,2.58620689655,6.89655172414,3.44827586207,0.862068965517,12.0689655172,0.0,7.75862068966,12.9310344828,0.0,1.72413793103,1.72413793103,3.44827586207,12.0689655172,9.48275862069,0.0,0.0,8.62068965517
6.73076923077,0.961538461538,5.76923076923,2.88461538462,7.69230769231,2.88461538462,1.92307692308,13.4615384615,0.0,5.76923076923,13.4615384615,0.0,1.92307692308,0.961538461538,3.84615384615,11.5384615385,10.5769230769,0.0,0.0,9.61538461538
11.8181818182,0.0,1.81818181818,2.72727272727,7.27272727273,1.81818181818,2.72727272727,8.18181818182,0.0,7.27272727273,9.09090909091,1.81818181818,0.909090909091,1.81818181818,8.18181818182,14.5454545455,9.09090909091,0.909090909091,0.0,10.0
11.8181818182,0.0,2.72727272727,1.81818181818,7.27272727273,1.81818181818,1.81818181818,10.0,0.909090909091,7.27272727273,8.18181818182,0.909090909091,0.909090909091,0.909090909091,8.18181818182,13.6363636364,9.09090909091,0.0,0.0,12.7272727273
15.4545454545,0.0,2.72727272727,1.81818181818,7.27272727273,1.81818181818,1.81818181818,10.0,0.909090909091,6.36363636364,8.18181818182,0.909090909091,0.909090909091,0.909090909091,7.27272727273,14.5454545455,8.18181818182,0.0,0.0,10.9090909091
14.2857142857,0.0,2.04081632653,2.04081632653,8.16326530612,2.04081632653,2.04081632653,10.2040816327,0.0,8.16326530612,7.14285714286,0.0,0.0,0.0,7.14285714286,14.2857142857,10.2040816327,1.02040816327,0.0,11.2244897959
10.9090909091,0.0,0.909090909091,4.54545454545,7.27272727273,1.81818181818,0.909090909091,8.18181818182,0.909090909091,7.27272727273,7.27272727273,0.909090909091,0.909090909091,1.81818181818,6.36363636364,12.7272727273,14.5454545455,0.909090909091,0.0,11.8181818182
10.9090909091,0.0,2.72727272727,3.63636363636,7.27272727273,2.72727272727,1.81818181818,9.09090909091,0.0,5.45454545455,8.18181818182,2.72727272727,0.909090909091,1.81818181818,6.36363636364,10.0,12.7272727273,0.909090909091,0.909090909091,11.8181818182
13.7254901961,0.0,2.94117647059,2.94117647059,7.8431372549,2.94117647059,0.980392156863,7.8431372549,0.980392156863,6.86274509804,5.88235294118,1.96078431373,0.980392156863,2.94117647059,4.90196078431,12.7450980392,10.7843137255,0.980392156863,0.0,11.7647058824
11.1111111111,0.854700854701,1.7094017094,3.4188034188,6.83760683761,4.2735042735,2.5641025641,8.54700854701,1.7094017094,5.98290598291,8.54700854701,0.0,0.854700854701,3.4188034188,7.69230769231,9.40170940171,8.54700854701,0.0,2.5641025641,11.9658119658
13.4020618557,0.0,2.0618556701,2.0618556701,8.24742268041,2.0618556701,2.0618556701,11.3402061856,1.03092783505,6.18556701031,7.21649484536,0.0,0.0,0.0,7.21649484536,14.4329896907,10.3092783505,0.0,0.0,12.3711340206
11.8181818182,0.0,3.63636363636,1.81818181818,7.27272727273,1.81818181818,1.81818181818,9.09090909091,0.909090909091,7.27272727273,8.18181818182,1.81818181818,0.909090909091,0.909090909091,7.27272727273,14.5454545455,9.09090909091,0.0,0.0,11.8181818182
13.6363636364,0.0,2.72727272727,1.81818181818,7.27272727273,1.81818181818,1.81818181818,8.18181818182,0.909090909091,7.27272727273,7.27272727273,0.909090909091,0.909090909091,0.909090909091,8.18181818182,14.5454545455,10.0,0.0,0.0,11.8181818182
8.18181818182,0.909090909091,3.63636363636,2.72727272727,7.27272727273,5.45454545455,0.909090909091,12.7272727273,0.909090909091,5.45454545455,10.0,1.81818181818,1.81818181818,4.54545454545,5.45454545455,12.7272727273,6.36363636364,0.0,0.0,9.09090909091
9.43396226415,0.0,6.60377358491,4.71698113208,8.49056603774,4.71698113208,1.88679245283,7.54716981132,0.0,4.71698113208,5.66037735849,2.83018867925,1.88679245283,1.88679245283,4.71698113208,9.43396226415,8.49056603774,0.0,1.88679245283,15.0943396226
7.76699029126,0.970873786408,7.76699029126,2.91262135922,7.76699029126,4.85436893204,0.970873786408,10.6796116505,0.970873786408,6.79611650485,12.6213592233,0.970873786408,1.94174757282,2.91262135922,3.88349514563,11.6504854369,6.79611650485,0.0,0.970873786408,6.79611650485
12.6126126126,0.0,6.30630630631,1.8018018018,7.20720720721,4.5045045045,2.7027027027,10.8108108108,0.900900900901,6.30630630631,7.20720720721,0.900900900901,0.900900900901,3.6036036036,3.6036036036,8.10810810811,10.8108108108,0.0,1.8018018018,9.90990990991
11.0,0.0,6.5,6.0,4.0,2.5,2.0,14.0,1.0,2.5,3.0,9.5,4.5,4.5,8.5,8.0,7.0,0.0,1.5,4.0
15.2671755725,0.763358778626,6.10687022901,3.81679389313,6.10687022901,3.0534351145,3.0534351145,7.63358778626,0.0,1.52671755725,2.29007633588,3.81679389313,3.81679389313,9.92366412214,6.87022900763,10.6870229008,6.87022900763,0.0,2.29007633588,6.10687022901
9.34579439252,2.80373831776,7.47663551402,0.0,8.41121495327,3.73831775701,0.934579439252,8.41121495327,0.0,4.67289719626,11.214953271,0.934579439252,0.934579439252,7.47663551402,7.47663551402,10.2803738318,8.41121495327,0.0,0.0,7.47663551402
8.33333333333,0.925925925926,7.40740740741,1.85185185185,7.40740740741,4.62962962963,1.85185185185,11.1111111111,0.0,10.1851851852,9.25925925926,0.0,0.925925925926,5.55555555556,5.55555555556,10.1851851852,7.40740740741,0.925925925926,0.0,6.48148148148
16.5137614679,0.0,7.33944954128,1.83486238532,7.33944954128,3.66972477064,0.917431192661,11.9266055046,0.0,5.50458715596,5.50458715596,0.917431192661,2.75229357798,4.5871559633,5.50458715596,7.33944954128,4.5871559633,0.0,1.83486238532,11.9266055046
11.2244897959,2.04081632653,7.14285714286,4.08163265306,8.16326530612,4.08163265306,4.08163265306,10.2040816327,0.0,1.02040816327,3.0612244898,4.08163265306,4.08163265306,6.12244897959,6.12244897959,9.18367346939,7.14285714286,0.0,3.0612244898,5.10204081633
14.5454545455,0.0,6.36363636364,3.63636363636,7.27272727273,3.63636363636,0.909090909091,11.8181818182,0.909090909091,10.0,8.18181818182,0.909090909091,0.909090909091,3.63636363636,3.63636363636,8.18181818182,8.18181818182,0.0,0.0,7.27272727273
12.2807017544,0.0,7.89473684211,1.75438596491,7.01754385965,1.75438596491,0.877192982456,12.2807017544,0.0,6.14035087719,6.14035087719,1.75438596491,1.75438596491,3.50877192982,5.26315789474,15.7894736842,5.26315789474,0.0,0.877192982456,9.64912280702
12.9310344828,0.0,7.75862068966,0.862068965517,6.89655172414,2.58620689655,2.58620689655,12.9310344828,0.0,5.1724137931,5.1724137931,1.72413793103,1.72413793103,3.44827586207,5.1724137931,11.2068965517,7.75862068966,0.862068965517,0.862068965517,10.3448275862
7.52688172043,0.0,8.60215053763,0.0,8.60215053763,5.37634408602,0.0,13.9784946237,0.0,6.45161290323,8.60215053763,0.0,0.0,1.0752688172,5.37634408602,12.9032258065,11.8279569892,0.0,0.0,9.67741935484
14.9122807018,1.75438596491,7.01754385965,3.50877192982,7.01754385965,4.38596491228,0.0,7.89473684211,0.0,5.26315789474,7.01754385965,0.877192982456,0.877192982456,2.63157894737,6.14035087719,11.4035087719,6.14035087719,0.0,0.0,13.1578947368
14.9122807018,1.75438596491,7.89473684211,2.63157894737,7.01754385965,4.38596491228,0.0,7.89473684211,0.0,5.26315789474,6.14035087719,0.877192982456,0.877192982456,3.50877192982,6.14035087719,11.4035087719,7.01754385965,0.0,0.0,12.2807017544
7.82608695652,0.869565217391,9.5652173913,2.60869565217,6.95652173913,3.47826086957,0.869565217391,9.5652173913,0.0,8.69565217391,14.7826086957,1.73913043478,0.869565217391,4.34782608696,4.34782608696,11.3043478261,6.08695652174,0.0,0.869565217391,5.21739130435
16.5137614679,0.0,5.50458715596,3.66972477064,7.33944954128,3.66972477064,1.83486238532,11.9266055046,0.917431192661,8.25688073394,6.42201834862,1.83486238532,1.83486238532,4.5871559633,2.75229357798,6.42201834862,7.33944954128,0.0,0.917431192661,8.25688073394
13.5135135135,0.0,7.20720720721,0.900900900901,7.20720720721,5.40540540541,1.8018018018,11.7117117117,0.900900900901,6.30630630631,7.20720720721,0.900900900901,0.900900900901,3.6036036036,3.6036036036,8.10810810811,9.00900900901,0.0,1.8018018018,9.90990990991
10.1851851852,1.85185185185,8.33333333333,3.7037037037,7.40740740741,2.77777777778,0.0,13.8888888889,0.0,7.40740740741,15.7407407407,0.0,0.925925925926,2.77777777778,4.62962962963,9.25925925926,7.40740740741,0.0,0.0,3.7037037037
14.0186915888,0.0,3.73831775701,2.80373831776,7.47663551402,5.60747663551,0.934579439252,7.47663551402,0.934579439252,6.54205607477,8.41121495327,0.934579439252,0.934579439252,1.8691588785,3.73831775701,10.2803738318,14.953271028,0.0,0.0,9.34579439252
8.26446280992,1.65289256198,5.78512396694,3.30578512397,6.61157024793,5.78512396694,1.65289256198,8.26446280992,1.65289256198,8.26446280992,9.9173553719,0.0,1.65289256198,1.65289256198,5.78512396694,11.5702479339,8.26446280992,0.0,0.826446280992,9.09090909091
9.5652173913,1.73913043478,7.82608695652,1.73913043478,6.95652173913,3.47826086957,2.60869565217,13.0434782609,0.0,5.21739130435,12.1739130435,0.0,0.869565217391,4.34782608696,4.34782608696,9.5652173913,6.08695652174,0.0,0.869565217391,9.5652173913
13.1578947368,1.75438596491,7.89473684211,1.75438596491,7.01754385965,4.38596491228,0.0,11.4035087719,0.0,3.50877192982,8.77192982456,0.877192982456,0.877192982456,2.63157894737,6.14035087719,7.89473684211,9.64912280702,0.0,0.0,12.2807017544
15.5963302752,0.0,7.33944954128,1.83486238532,7.33944954128,2.75229357798,0.917431192661,11.9266055046,0.0,4.5871559633,5.50458715596,1.83486238532,2.75229357798,4.5871559633,5.50458715596,6.42201834862,6.42201834862,0.0,1.83486238532,12.8440366972
15.8878504673,0.0,5.60747663551,0.934579439252,7.47663551402,4.67289719626,2.80373831776,10.2803738318,0.0,4.67289719626,6.54205607477,1.8691588785,1.8691588785,2.80373831776,3.73831775701,9.34579439252,6.54205607477,0.0,1.8691588785,13.0841121495
10.0,5.0,7.14285714286,1.42857142857,5.71428571429,2.14285714286,2.14285714286,8.57142857143,0.0,7.14285714286,9.28571428571,0.714285714286,0.714285714286,1.42857142857,9.28571428571,12.1428571429,7.85714285714,0.0,0.0,9.28571428571
9.61538461538,0.0,8.65384615385,1.92307692308,7.69230769231,3.84615384615,1.92307692308,12.5,0.961538461538,8.65384615385,7.69230769231,0.961538461538,0.961538461538,1.92307692308,5.76923076923,14.4230769231,5.76923076923,0.0,0.0,6.73076923077
11.6666666667,0.833333333333,7.5,3.33333333333,6.66666666667,4.16666666667,0.833333333333,9.16666666667,0.0,10.0,10.8333333333,0.833333333333,0.833333333333,4.16666666667,4.16666666667,7.5,8.33333333333,0.0,0.0,9.16666666667
14.0186915888,0.0,4.67289719626,4.67289719626,7.47663551402,4.67289719626,0.0,11.214953271,0.0,3.73831775701,10.2803738318,3.73831775701,0.934579439252,2.80373831776,3.73831775701,7.47663551402,9.34579439252,0.0,0.0,11.214953271
5.05050505051,1.0101010101,9.09090909091,1.0101010101,8.08080808081,4.0404040404,1.0101010101,14.1414141414,0.0,8.08080808081,15.1515151515,1.0101010101,1.0101010101,3.0303030303,5.05050505051,6.06060606061,14.1414141414,0.0,0.0,3.0303030303
14.0186915888,0.0,4.67289719626,1.8691588785,7.47663551402,5.60747663551,0.934579439252,9.34579439252,0.934579439252,3.73831775701,12.1495327103,0.934579439252,0.934579439252,1.8691588785,3.73831775701,10.2803738318,13.0841121495,0.0,0.0,8.41121495327
6.45161290323,1.0752688172,8.60215053763,4.30107526882,8.60215053763,4.30107526882,1.0752688172,13.9784946237,0.0,6.45161290323,16.1290322581,0.0,1.0752688172,1.0752688172,5.37634408602,9.67741935484,7.52688172043,0.0,0.0,4.30107526882
14.9122807018,1.75438596491,6.14035087719,0.877192982456,7.01754385965,5.26315789474,0.0,8.77192982456,0.0,4.38596491228,8.77192982456,0.877192982456,0.877192982456,1.75438596491,6.14035087719,12.2807017544,7.89473684211,0.0,0.0,12.2807017544
12.2807017544,1.75438596491,7.01754385965,1.75438596491,7.01754385965,6.14035087719,0.0,8.77192982456,0.0,3.50877192982,10.5263157895,0.877192982456,0.877192982456,2.63157894737,6.14035087719,13.1578947368,5.26315789474,0.0,0.0,12.2807017544
12.0567375887,2.12765957447,8.51063829787,0.0,5.67375886525,4.25531914894,0.709219858156,8.51063829787,1.41843971631,4.25531914894,9.92907801418,0.709219858156,1.41843971631,2.12765957447,4.25531914894,13.475177305,9.21985815603,0.0,1.41843971631,9.92907801418
11.214953271,1.8691588785,6.54205607477,2.80373831776,7.47663551402,6.54205607477,0.0,13.0841121495,0.0,5.60747663551,14.953271028,0.0,0.934579439252,1.8691588785,4.67289719626,10.2803738318,5.60747663551,0.0,0.0,6.54205607477
5.69105691057,3.25203252033,7.31707317073,1.62601626016,6.50406504065,2.43902439024,0.0,13.8211382114,0.813008130081,8.94308943089,12.1951219512,0.0,0.813008130081,4.87804878049,4.87804878049,11.3821138211,6.50406504065,0.0,0.813008130081,8.13008130081
7.96460176991,1.76991150442,7.96460176991,0.884955752212,7.0796460177,4.42477876106,0.0,11.5044247788,0.0,5.30973451327,10.6194690265,0.0,0.884955752212,2.65486725664,5.30973451327,15.0442477876,5.30973451327,0.0,0.0,13.2743362832
8.04597701149,0.0,10.3448275862,1.14942528736,9.19540229885,5.74712643678,0.0,13.7931034483,0.0,8.04597701149,5.74712643678,0.0,0.0,1.14942528736,6.89655172414,13.7931034483,3.44827586207,0.0,0.0,12.6436781609
11.2068965517,1.72413793103,6.03448275862,0.862068965517,6.89655172414,4.31034482759,0.0,14.6551724138,0.0,1.72413793103,11.2068965517,0.862068965517,0.862068965517,2.58620689655,4.31034482759,12.0689655172,6.89655172414,0.0,0.0,13.7931034483
11.3043478261,1.73913043478,6.08695652174,3.47826086957,6.95652173913,4.34782608696,0.0,9.5652173913,0.0,4.34782608696,9.5652173913,1.73913043478,0.869565217391,3.47826086957,5.21739130435,9.5652173913,10.4347826087,0.869565217391,0.0,10.4347826087
13.0841121495,0.0,5.60747663551,3.73831775701,7.47663551402,4.67289719626,0.0,11.214953271,0.0,3.73831775701,11.214953271,3.73831775701,0.934579439252,1.8691588785,3.73831775701,7.47663551402,10.2803738318,0.0,0.0,11.214953271
13.1578947368,1.75438596491,7.89473684211,1.75438596491,7.01754385965,4.38596491228,0.0,8.77192982456,0.0,3.50877192982,9.64912280702,0.877192982456,0.877192982456,2.63157894737,5.26315789474,12.2807017544,7.01754385965,0.0,0.0,13.1578947368
13.4453781513,1.68067226891,7.56302521008,0.0,6.72268907563,5.04201680672,0.0,15.1260504202,0.0,4.20168067227,7.56302521008,0.840336134454,0.840336134454,3.36134453782,5.88235294118,9.24369747899,7.56302521008,0.0,0.0,10.9243697479
19.0909090909,0.0,6.36363636364,0.909090909091,7.27272727273,4.54545454545,0.0,9.09090909091,0.0,2.72727272727,12.7272727273,1.81818181818,0.909090909091,1.81818181818,5.45454545455,10.9090909091,8.18181818182,0.0,0.0,8.18181818182
